// Data on points
70
(

//minz
(0 5.74803e-05 0)
(0 5.74803e-05 0)
(0 11.3009e-05 0)
(0 13.4518e-05 0)
(0 13.4518e-05 0)
(0 14.0472e-05 0)
(0 14.0472e-05 0)
(0 14.2901e-05 0)
(0 14.2901e-05 0)
(0 14.3668e-05 0)
(0 14.3108e-05 0)
(0 14.3108e-05 0)
(0 14.158e-05 0)
(0 13.9312e-05 0)
(0 13.7642e-05 0)
(0 13.6843e-05 0)
(0 13.731e-05 0)
(0 13.6463e-05 0)
(0 13.6104e-05 0)
(0 13.4808e-05 0)
(0 13.2398e-05 0)
(0 12.9544e-05 0)
(0 12.8659e-05 0)
(0 12.8727e-05 0)
(0 12.9369e-05 0)
(0 13.0134e-05 0)
(0 13.105e-05 0)
(0 13.2712e-05 0)
(0 13.5215e-05 0)
(0 13.7194e-05 0)
(0 13.6965e-05 0)
(0 10.5343e-05 0)
(0 7.15377e-05 0)
(0 4.09142e-05 0)
(0 1.31793e-05 0)

// maxz
(0 5.74803e-05 0)
(0 5.74803e-05 0)
(0 11.3009e-05 0)
(0 13.4518e-05 0)
(0 13.4518e-05 0)
(0 14.0472e-05 0)
(0 14.0472e-05 0)
(0 14.2901e-05 0)
(0 14.2901e-05 0)
(0 14.3668e-05 0)
(0 14.3108e-05 0)
(0 14.3108e-05 0)
(0 14.158e-05 0)
(0 13.9312e-05 0)
(0 13.7642e-05 0)
(0 13.6843e-05 0)
(0 13.731e-05 0)
(0 13.6463e-05 0)
(0 13.6104e-05 0)
(0 13.4808e-05 0)
(0 13.2398e-05 0)
(0 12.9544e-05 0)
(0 12.8659e-05 0)
(0 12.8727e-05 0)
(0 12.9369e-05 0)
(0 13.0134e-05 0)
(0 13.105e-05 0)
(0 13.2712e-05 0)
(0 13.5215e-05 0)
(0 13.7194e-05 0)
(0 13.6965e-05 0)
(0 10.5343e-05 0)
(0 7.15377e-05 0)
(0 4.09142e-05 0)
(0 1.31793e-05 0)
)

// ************************************************************************* //
