/*--------------------------------*- C++ -*----------------------------------*\
  =========                 |
  \\      /  F ield         | OpenFOAM: The Open Source CFD Toolbox
   \\    /   O peration     | Website:  https://openfoam.org
    \\  /    A nd           | Version:  7
     \\/     M anipulation  |
\*---------------------------------------------------------------------------*/
FoamFile
{
    version     2.0;
    format      ascii;
    class       faceSet;
    location    "constant/polyMesh/sets";
    object      nonOrthoFaces;
}
// * * * * * * * * * * * * * * * * * * * * * * * * * * * * * * * * * * * * * //


4620
(
786443 
1310812 
1310820 
1278068 
1278070 
1278072 
1278075 
65662 
557200 
65695 
65701 
229548 
229549 
229550 
229551 
1179828 
1179831 
1179833 
1179835 
1409212 
1409218 
1376464 
1573076 
1573081 
1442020 
262382 
262384 
262387 
557306 
557309 
1540358 
131354 
131357 
131360 
296 
304 
1540412 
1540418 
1507665 
1507668 
65892 
65899 
98692 
98694 
98695 
459145 
98697 
688532 
688538 
1540520 
786858 
786859 
786861 
786871 
1311164 
229842 
1114579 
1016276 
229845 
229848 
1409504 
1409511 
1409514 
1409540 
1409548 
918032 
918035 
1573396 
1573399 
1573401 
1573403 
393757 
393759 
1049128 
197160 
1049130 
197164 
1049133 
524846 
524849 
524852 
1638976 
131648 
1638978 
1638979 
131651 
1638981 
1344072 
131656 
1344076 
66128 
66129 
66131 
66133 
950872 
950879 
950882 
721512 
721515 
295552 
295554 
1573508 
295557 
1573510 
721548 
721550 
721551 
524944 
328340 
328342 
328344 
1573536 
852657 
852659 
295608 
262848 
262855 
262858 
525028 
262884 
262887 
525034 
885484 
525036 
885486 
885488 
983796 
983803 
983806 
295684 
295685 
295686 
295687 
688920 
164640 
164641 
164642 
164643 
1344303 
1311548 
1311553 
1573716 
1573722 
1639268 
1639271 
1639273 
1639275 
1344368 
1344372 
951156 
951158 
1344375 
951160 
951163 
721792 
230273 
1409924 
721799 
1409931 
1508236 
1409934 
1508241 
1508244 
1246112 
426912 
426914 
426916 
1246118 
426919 
1180593 
1377224 
1180616 
295886 
1377231 
1180624 
99280 
1639379 
99285 
1639383 
99287 
1639386 
1180643 
1508335 
623616 
623619 
132108 
1311775 
820261 
1016876 
1311828 
1180756 
1311830 
1311832 
1311835 
1410140 
1410143 
1410145 
1410148 
296069 
296070 
984208 
984212 
1179 
1016992 
1246375 
1016999 
1246377 
1246379 
1442992 
885937 
459956 
1442998 
1443001 
591034 
591038 
885984 
460002 
885987 
460005 
328935 
885992 
656668 
656675 
689448 
1246508 
1246516 
1338 
1049916 
1343 
1049921 
918872 
918873 
918874 
918875 
820585 
1344876 
1344879 
1344881 
1344883 
1312116 
1312121 
1639804 
1639806 
1639807 
1639809 
918916 
918918 
918920 
918923 
1279408 
1279412 
198072 
1050046 
198078 
886228 
296416 
296417 
296418 
198124 
198127 
198130 
1523 
1246708 
656884 
198132 
656887 
656891 
656894 
198146 
1148464 
1410616 
1410618 
1410620 
1410623 
1050264 
1050269 
1115808 
1115809 
1017538 
1017543 
67304 
67307 
263916 
263918 
67310 
263919 
263921 
67314 
919300 
919301 
919303 
1378057 
919305 
984848 
984850 
984852 
1410838 
984855 
984862 
1640244 
296758 
1640247 
1640249 
296761 
1640251 
296764 
132932 
132935 
1640266 
690000 
690007 
493400 
493403 
362346 
1640322 
853892 
853893 
853894 
853895 
67516 
67518 
296896 
296898 
67523 
296900 
329676 
329686 
1607640 
1247193 
1247195 
690140 
657373 
690143 
690146 
690148 
722940 
722942 
722943 
526336 
722945 
526338 
526339 
526341 
1181716 
1378328 
1181720 
1181724 
100388 
100390 
100391 
100393 
1411120 
1411126 
919608 
526392 
526395 
919612 
526398 
526401 
1149028 
1149031 
1149034 
1149036 
886900 
886901 
886903 
198812 
198815 
198817 
198820 
34996 
34997 
34998 
34999 
329924 
329926 
329929 
329932 
887004 
887010 
985316 
985319 
690408 
985322 
985325 
100596 
100599 
985336 
985337 
985338 
985339 
690430 
329988 
329990 
329992 
329994 
1411348 
1411354 
1378592 
1378594 
1378596 
1378599 
1444138 
657708 
1444144 
657714 
198964 
1608008 
1608010 
1608011 
1608013 
395599 
67968 
1149329 
952740 
952743 
952749 
1051075 
920012 
920013 
920014 
920015 
100832 
100835 
362980 
362984 
788976 
690672 
690678 
788984 
461308 
1575432 
821772 
1575437 
821775 
821777 
821780 
264752 
264754 
592436 
1247800 
592441 
1247802 
1247804 
592444 
1247806 
363072 
952912 
952915 
1542740 
952917 
952919 
1542744 
1575532 
1575537 
264832 
264838 
264889 
199357 
821968 
68309 
953060 
1313514 
953070 
527088 
527091 
1608488 
461608 
461610 
1608493 
461613 
461616 
396084 
1608503 
396087 
396089 
527212 
527214 
527219 
1280892 
1280895 
1280902 
1575816 
1575820 
1575822 
1313684 
1313688 
854966 
68560 
68563 
68566 
68570 
1641436 
1346526 
330720 
1641441 
330722 
330723 
330725 
1182698 
1182701 
789487 
1543152 
1543155 
789492 
1543157 
1543159 
1477639 
1477642 
592968 
953427 
1248344 
1248350 
789600 
3238 
658608 
658613 
658616 
68816 
1412308 
1379540 
68822 
1379543 
3287 
1412312 
1379546 
1412316 
1379549 
3294 
1576160 
1412320 
363750 
363756 
1412344 
1412347 
888068 
888075 
265488 
265491 
265494 
265496 
855348 
658740 
855352 
658744 
658756 
658760 
855376 
855378 
855380 
855383 
527720 
527725 
232824 
232827 
232829 
232831 
1609103 
1609105 
1609107 
986515 
1019308 
822700 
1019310 
822703 
1019313 
822705 
822707 
1576376 
1576378 
1576379 
1576381 
527832 
527836 
724456 
724461 
724464 
462388 
462391 
1248828 
1248834 
1150532 
1150535 
1150538 
1150541 
888400 
888408 
888412 
396963 
1543874 
691954 
560896 
560899 
560901 
560903 
331532 
331533 
331534 
331535 
593684 
69396 
593685 
593687 
1609496 
593689 
1609498 
1609500 
1609503 
36640 
36642 
1412908 
1412914 
1412918 
1183546 
659282 
1052504 
1052505 
1052509 
298854 
1544113 
495568 
495570 
1249240 
659416 
1249243 
659419 
659421 
659423 
36836 
36837 
36838 
36839 
987125 
757784 
757786 
757787 
757789 
135200 
233508 
135206 
233511 
233514 
1544236 
233516 
1544239 
1544242 
1544244 
1478714 
1544252 
1478717 
1052736 
1544257 
1052739 
1052741 
1052743 
1413204 
1413211 
1413214 
1314912 
1314915 
1314918 
1314921 
1577069 
4215 
299140 
299143 
135329 
921773 
921774 
921775 
495792 
495795 
495798 
495800 
528580 
659692 
1315056 
1315058 
659698 
921880 
921881 
921882 
921883 
299298 
299301 
299304 
692544 
692548 
1610056 
561482 
1610059 
1610062 
1610064 
1118551 
332123 
1642852 
561508 
1642854 
561511 
1642856 
1642859 
1380750 
1184164 
1184169 
1151408 
790960 
790962 
790967 
37312 
37314 
37320 
1315284 
1315290 
1315294 
889336 
889339 
1577472 
1577475 
1577478 
1577480 
332296 
1217068 
102956 
1217070 
102959 
1479216 
1217072 
102961 
1217074 
102963 
234051 
1053256 
1053257 
234057 
1053259 
725582 
660056 
660059 
1413727 
987820 
987821 
987823 
1086164 
1086169 
1381093 
660248 
660250 
1479452 
660253 
725796 
725802 
332595 
922460 
922461 
922462 
922463 
463712 
463714 
463715 
1184612 
463717 
1184614 
824168 
1184617 
824170 
824171 
1184620 
365420 
824173 
365424 
365428 
365432 
824216 
824222 
299936 
1545128 
1545131 
1545134 
201664 
201666 
201667 
201669 
1610708 
1610711 
70637 
136174 
1545204 
791545 
693244 
693247 
5219 
1545319 
5224 
1545323 
1578100 
365704 
365706 
365712 
562332 
562334 
562336 
562339 
1086632 
1086635 
1021147 
693480 
693483 
300276 
300279 
300283 
300286 
300291 
267526 
1512740 
1512741 
1512742 
1512743 
1217840 
1217843 
1217845 
1217847 
234807 
234814 
988491 
333133 
595292 
595298 
595301 
857449 
857451 
562544 
562547 
562549 
562551 
136572 
136577 
1480084 
660884 
562584 
562585 
1480091 
562587 
890269 
660893 
562589 
890271 
267686 
202155 
693692 
5565 
103872 
693697 
103874 
1021381 
103877 
1021383 
529864 
103880 
529871 
955888 
923184 
923187 
923190 
923192 
1644092 
5692 
1644094 
661055 
5698 
661059 
1578564 
202324 
136788 
202327 
202329 
202331 
136795 
693880 
693885 
693896 
202376 
202377 
202378 
202379 
693901 
857784 
857785 
857786 
857787 
71356 
71358 
71360 
71361 
268004 
268010 
268024 
268027 
268032 
1021723 
1414948 
1414950 
1414952 
137007 
137011 
137014 
530244 
530251 
1546064 
464724 
464727 
464730 
464734 
1152868 
1152873 
890732 
890736 
1611680 
1611682 
1611684 
1611686 
1382320 
1382323 
1120205 
38908 
38912 
1415188 
137236 
1415191 
38936 
38939 
38942 
825388 
825389 
825391 
825393 
1022004 
1022008 
301112 
301117 
890956 
890962 
661599 
530540 
530547 
530555 
989308 
989311 
989315 
530563 
956548 
530567 
956553 
956556 
399520 
399521 
399522 
399523 
432292 
465096 
465098 
465099 
465101 
399592 
399595 
399597 
399599 
858369 
891152 
891155 
235804 
235807 
235809 
235811 
1251622 
1251625 
1251628 
1349936 
170300 
170303 
825664 
170306 
1186116 
825669 
170310 
1186119 
1186123 
1186126 
1415512 
366936 
1546588 
268636 
1415519 
366943 
268639 
104799 
268641 
366946 
1546595 
366953 
1415532 
1415535 
1415538 
1415541 
727416 
727418 
727421 
727424 
661960 
1612236 
661964 
1612239 
1612241 
1612243 
235992 
596460 
596464 
39420 
39423 
39425 
39427 
268808 
268810 
268816 
301592 
793116 
1055266 
39459 
793124 
1546797 
6703 
1546800 
793148 
957004 
137804 
137807 
137809 
137811 
957012 
957016 
531045 
137848 
137851 
137853 
137855 
989865 
1252024 
1252030 
793323 
1153772 
1252118 
1252124 
1121064 
1121066 
1121069 
1416008 
1284936 
1252168 
1252170 
1284939 
1284941 
1284943 
367459 
1514348 
1514353 
7052 
7058 
203672 
203675 
203677 
564128 
203680 
564129 
564131 
1547196 
1547204 
334788 
334789 
334791 
1153992 
1153995 
367564 
1153997 
367566 
1153999 
826320 
367569 
826323 
367572 
826326 
826330 
236508 
236511 
236513 
334821 
1317868 
1317869 
1317870 
1317871 
728052 
1580080 
1580085 
1547319 
1416252 
957500 
957506 
957510 
793682 
564308 
564310 
793687 
466016 
466018 
40044 
40045 
40046 
40047 
1383540 
1383543 
564356 
564359 
1121468 
1121470 
1121472 
629952 
629954 
629956 
531652 
629958 
531655 
531657 
1580244 
1219796 
1219799 
1219802 
1219804 
1645808 
1645813 
662782 
826624 
662787 
335116 
335121 
302362 
302368 
695612 
695618 
957764 
335173 
335175 
957768 
957771 
1154404 
1154410 
1154420 
531828 
1154421 
1154422 
1154423 
531832 
531835 
1482108 
1154428 
1482110 
531838 
1482112 
1154432 
1482115 
1154435 
1154438 
1482144 
1482147 
1482149 
1482151 
1285564 
368078 
368080 
368081 
1252868 
1482252 
1482254 
1482255 
1252884 
1252891 
859678 
859681 
73272 
73279 
1121872 
1121873 
1121874 
1121875 
1613400 
1613402 
1613404 
401004 
401008 
401011 
794240 
794246 
466579 
7832 
466585 
958106 
7836 
7840 
7844 
794358 
794363 
139024 
139030 
1482546 
73524 
73526 
73528 
73531 
237374 
401244 
401249 
532361 
663440 
663444 
663447 
73623 
663450 
663460 
663467 
958393 
958397 
1253316 
729028 
729030 
729032 
729034 
794604 
794611 
73776 
696370 
73778 
270388 
73780 
73783 
270392 
1122376 
1122380 
41036 
41040 
1581152 
1581159 
270471 
1482916 
1482921 
1024192 
8384 
1024196 
8388 
467144 
794828 
729292 
729293 
794831 
729295 
729297 
794834 
794836 
1548509 
532703 
532710 
270579 
1188096 
1057068 
1057071 
991600 
565656 
565661 
303544 
238008 
238012 
303551 
401856 
238016 
8640 
401860 
8645 
401864 
238024 
401868 
827864 
139737 
139740 
827871 
729580 
532999 
1548824 
1122842 
1548827 
1548829 
860704 
860707 
303652 
860710 
303655 
1024552 
860712 
303657 
1024555 
303659 
1024558 
533096 
533098 
533100 
139884 
139886 
533103 
139892 
402044 
828032 
402049 
828034 
402051 
828036 
828039 
1548940 
1548942 
1057423 
664208 
1254036 
664212 
664215 
1254041 
1254043 
1450652 
1450655 
1254076 
1254079 
1254083 
1254086 
467656 
467660 
467663 
271056 
467666 
271062 
893656 
271064 
893658 
893664 
467724 
467726 
467727 
467729 
238396 
238397 
664384 
303936 
238401 
664386 
303938 
959300 
664388 
533316 
303941 
992071 
664391 
533319 
533321 
533323 
959310 
1483659 
598936 
74654 
402340 
402345 
402347 
1024949 
1582007 
1516491 
1516494 
1582052 
1582058 
9224 
9227 
9230 
9232 
304191 
1516628 
1516631 
205924 
1614952 
1614954 
1614956 
9326 
1614959 
74876 
74880 
369820 
369827 
369830 
369835 
369840 
369844 
1025228 
1025230 
1025232 
1025235 
1058047 
697604 
697609 
1025296 
9489 
1025301 
9493 
1287500 
1287503 
1025369 
1484144 
1484148 
664949 
1484151 
1484160 
1484163 
1484165 
1484167 
1353159 
1353163 
1353166 
173538 
468464 
75250 
468469 
75254 
1320441 
75266 
1156628 
1156633 
9772 
828976 
9778 
337488 
337494 
173664 
894604 
370356 
370359 
566976 
960196 
566982 
960201 
468700 
468703 
1025762 
468706 
632548 
468708 
1025765 
1517320 
304904 
1517328 
1550104 
1550107 
829219 
829221 
829248 
730944 
730948 
829253 
829255 
730951 
730954 
1517389 
1517391 
665424 
665428 
665431 
665434 
370532 
730996 
730999 
370552 
698260 
698266 
206752 
206760 
1222569 
1517535 
567264 
665579 
141296 
141299 
141301 
141303 
600064 
600070 
239640 
239643 
829469 
829471 
239650 
1124404 
1124408 
141396 
141398 
141400 
141403 
469084 
174172 
469086 
469088 
174176 
469089 
1321104 
927891 
305312 
305319 
10432 
10437 
567496 
567499 
567502 
567505 
1255648 
1255649 
1255650 
1255651 
403691 
993516 
403693 
993519 
403695 
993521 
993524 
1288472 
731424 
731429 
1321288 
1321289 
1321290 
1321291 
731468 
1222990 
731471 
1222993 
1222996 
239968 
239970 
207205 
960872 
797044 
797049 
698792 
698800 
1124788 
1124791 
1321400 
1124793 
1321405 
1321407 
1026496 
797128 
1485268 
1485274 
1354204 
1354206 
1354208 
1354210 
1223138 
1649138 
862708 
862711 
1649144 
10744 
862713 
862715 
10747 
240126 
240128 
240129 
10754 
731652 
698889 
1059339 
1649166 
1649168 
1649170 
993816 
993822 
469562 
469564 
862799 
10868 
10875 
731824 
731827 
731829 
731831 
1583864 
895736 
895737 
895738 
895739 
1583870 
1583872 
371456 
371461 
437012 
437014 
437017 
437020 
1190708 
1190712 
895824 
895826 
895828 
1518440 
1518445 
1518448 
928628 
1518455 
928632 
338808 
338813 
338815 
1551236 
1190796 
1190798 
1190801 
797586 
1485788 
1485790 
1485792 
1485794 
404452 
404455 
404458 
1518572 
404460 
1518578 
535576 
535581 
1518644 
1584192 
1584197 
1584200 
1059916 
1059921 
830552 
732248 
830555 
732252 
830558 
732255 
830560 
535648 
732258 
535650 
535655 
76908 
76911 
994424 
994426 
994432 
1584260 
1584262 
863380 
208020 
1518742 
863382 
1518744 
208024 
1518747 
863387 
961708 
797868 
797872 
994482 
961714 
994485 
994491 
601280 
1027272 
1027280 
1027284 
1354996 
1354998 
1355001 
1355004 
470332 
601405 
470337 
470340 
1060176 
1060184 
1060188 
273756 
273761 
666983 
666985 
666987 
1224044 
699776 
404872 
404873 
568715 
404875 
404877 
77228 
667055 
667060 
601524 
601528 
536000 
536006 
273936 
273937 
273939 
1355284 
1060372 
1060379 
1355294 
306724 
994855 
1289800 
1289838 
339568 
1224306 
339571 
339573 
339575 
1453688 
274064 
274067 
274070 
274073 
601756 
536232 
536236 
536240 
536244 
831172 
1552077 
1093376 
1093378 
1093382 
569108 
569111 
569113 
569115 
339744 
44844 
44845 
44846 
44847 
405300 
405304 
962379 
1584984 
1584989 
339822 
143216 
143218 
143223 
1257340 
1257343 
1257345 
1257347 
1224580 
1585060 
1585068 
1617844 
1617846 
1585096 
1585098 
1585099 
1585101 
274460 
274463 
372768 
274466 
372774 
372778 
143432 
1323100 
864348 
1323102 
864351 
1323104 
1454177 
864353 
1323106 
569519 
569524 
438468 
438478 
536824 
536827 
864520 
864526 
1257753 
1257754 
241959 
667960 
307513 
1192250 
667963 
1192256 
667969 
700780 
1356148 
700788 
1290616 
1356154 
1290620 
831868 
1356158 
864644 
733576 
864649 
733579 
733583 
733586 
405939 
405942 
602560 
12752 
12780 
766445 
12782 
12784 
12787 
1552922 
569908 
78396 
78399 
864832 
143936 
864834 
78402 
864835 
143939 
864837 
143941 
78405 
864844 
864848 
864851 
864854 
1454688 
1454693 
832132 
307847 
832138 
242316 
1553100 
1553105 
1618642 
1553107 
1553116 
1553122 
307940 
307942 
307944 
307947 
307956 
307961 
1028864 
1028874 
176936 
176939 
176941 
13144 
13150 
13154 
13164 
13169 
13171 
996213 
996214 
996215 
144256 
144262 
144264 
570264 
570267 
570270 
570273 
865191 
865200 
1160142 
1225680 
1160146 
1225686 
1225690 
472036 
472038 
472039 
472041 
275436 
275438 
144367 
275440 
275442 
1618948 
1618956 
1225752 
1225757 
799786 
144427 
865332 
865338 
537684 
537687 
537690 
537692 
1520760 
701596 
701598 
701600 
701601 
439500 
439506 
1291476 
1160408 
1291481 
1160410 
1291484 
1160413 
1160416 
1226024 
1226031 
800086 
865648 
1455476 
963956 
963957 
865653 
1422710 
963958 
1422711 
963959 
1455484 
144764 
144765 
144766 
144767 
1455488 
931212 
931215 
931217 
931219 
1619360 
1619364 
1619368 
1619372 
701876 
701883 
210373 
210384 
210386 
210392 
439800 
439802 
439807 
13836 
13839 
13841 
13843 
603692 
603695 
1259056 
1259059 
1455668 
1062452 
1259062 
1259064 
1062456 
1455674 
1455752 
1455755 
1455758 
997008 
997013 
13976 
374446 
1619632 
1619634 
1619636 
1619639 
145092 
407252 
407254 
145136 
145139 
145141 
145143 
1554172 
1554174 
1554178 
1423108 
1423112 
866068 
866069 
866070 
866071 
964388 
964393 
1161062 
1161066 
669572 
669576 
636828 
636830 
178087 
178094 
1619908 
1619912 
1521612 
997326 
1521622 
1325020 
1325022 
1325023 
964576 
1325025 
1062884 
309220 
964582 
571372 
571376 
1226744 
1259514 
1226748 
1259519 
1619972 
1619976 
1619980 
178241 
866372 
866374 
866376 
702536 
866379 
702542 
702544 
1554560 
1554566 
178351 
800944 
735412 
178357 
800952 
211164 
211166 
1620192 
211168 
1620195 
407780 
1620198 
407784 
407786 
375036 
375039 
1358080 
833792 
375045 
1521996 
1521999 
1620320 
1456483 
1620328 
1161579 
1161583 
473524 
473528 
965058 
1456595 
735712 
735719 
1620456 
1620461 
1620468 
1260020 
1260023 
1260025 
1260027 
1456647 
473608 
473612 
1456653 
1620516 
1620519 
735797 
735799 
342600 
342601 
342602 
342603 
604796 
604799 
604804 
244356 
1391240 
244361 
1391242 
1391243 
1063568 
1063573 
211616 
211618 
1030820 
211620 
1030821 
1030822 
1030823 
211623 
834216 
834219 
834221 
834223 
1489584 
1489587 
1489589 
899792 
899799 
1358564 
1293032 
309992 
1358569 
309995 
1358572 
1293037 
965368 
965371 
965373 
965375 
1456925 
1194784 
15140 
1194790 
1620776 
1620779 
1620782 
539444 
375608 
375613 
670528 
375616 
670533 
1031020 
277356 
277358 
1031024 
277360 
277362 
1620864 
1620871 
1620884 
1620886 
1620888 
408472 
1620891 
408475 
408477 
80800 
80805 
80816 
80820 
1293300 
1293304 
1293308 
1293312 
244783 
244788 
1358904 
1358905 
1358906 
1358907 
1621108 
670840 
1621116 
15503 
15510 
1490072 
1490073 
1490074 
1490075 
539804 
1162399 
1260716 
1260717 
1260718 
1260719 
1227964 
474300 
474302 
474303 
244928 
474305 
1227971 
244931 
1227974 
244934 
244936 
834776 
834784 
507104 
507106 
507108 
507110 
703732 
703737 
1555724 
539952 
245044 
539958 
245050 
310592 
310595 
310598 
998732 
998737 
1293664 
802144 
802147 
1293668 
572772 
441731 
441736 
81293 
376215 
376218 
802212 
802217 
802220 
1097144 
1097146 
310748 
310754 
310758 
572908 
572910 
572912 
572915 
966172 
966178 
867890 
867894 
409188 
409190 
409192 
409194 
1031792 
147056 
1031794 
1031795 
147060 
1031797 
147064 
409212 
147068 
474752 
474753 
474754 
474755 
343684 
343688 
212632 
212633 
212635 
442145 
442148 
671548 
900928 
900932 
900940 
900952 
900954 
1294171 
900956 
278364 
278366 
900959 
278368 
278371 
376688 
638838 
81785 
147332 
147334 
147336 
147339 
1032076 
1032078 
1032080 
1032081 
737180 
737182 
737183 
737185 
16304 
16310 
835516 
835517 
835519 
737224 
737226 
737228 
1294291 
1032148 
1032152 
475098 
1032155 
475099 
475101 
475160 
475162 
475163 
475165 
704564 
704567 
704569 
704571 
868438 
1392772 
1392775 
1392778 
1458328 
1458330 
835738 
1458332 
901276 
1458333 
901278 
901279 
901281 
508068 
508070 
508072 
508074 
835767 
835771 
835774 
540868 
311494 
540872 
1458392 
1458398 
1458400 
1392876 
1392884 
1294584 
82196 
82198 
540952 
82200 
82201 
82244 
82248 
475468 
475471 
475474 
1130836 
475476 
672105 
1196400 
1032564 
1196406 
1032567 
1032570 
1032573 
639372 
639373 
639375 
639377 
1622432 
1622434 
1622436 
1622439 
508328 
508329 
508331 
508333 
1065400 
1622460 
16831 
1065408 
1622466 
704964 
704969 
704972 
1294800 
1294801 
1294803 
1294805 
180700 
180704 
180708 
573928 
180712 
573933 
1458672 
1458674 
1458676 
1458678 
180726 
180729 
180732 
967188 
967195 
574015 
574018 
737859 
574020 
1032780 
1032781 
1032783 
1032785 
246405 
1622664 
1622666 
1458828 
1622672 
1458833 
1458836 
967412 
967416 
967420 
967424 
574216 
836364 
836366 
574223 
836368 
836371 
17220 
17225 
17227 
17236 
672600 
17241 
672603 
672607 
672610 
574308 
574311 
574313 
574315 
705389 
705393 
181128 
1196944 
1196952 
508830 
1557416 
1557419 
1557421 
181172 
181179 
1197032 
869364 
869369 
869420 
1393720 
476216 
476221 
1393726 
738380 
738387 
738390 
967775 
967779 
967782 
17548 
17553 
17556 
1492120 
967832 
378008 
1197210 
378011 
1492125 
967839 
378015 
1557664 
1492128 
1557666 
378018 
1557667 
1557669 
181424 
181427 
279732 
181436 
181443 
1197259 
1197266 
1426648 
115937 
115939 
1426660 
1098980 
115941 
1099013 
967968 
148772 
967975 
148775 
148778 
148780 
17712 
869692 
869694 
312640 
312642 
869699 
312644 
83268 
312647 
83274 
181640 
181642 
181644 
181647 
804272 
804278 
1590715 
1099212 
378316 
1099217 
1492434 
378323 
1000928 
1000929 
1000930 
1000931 
837092 
312804 
837095 
837098 
1066476 
1066478 
837102 
1361392 
1066480 
1066482 
1361396 
1361400 
1361404 
1558019 
1558021 
116229 
1558023 
116231 
116233 
1000980 
837148 
837151 
837153 
83530 
149092 
149094 
149096 
149099 
1230456 
1230458 
1197691 
1230460 
1230461 
18059 
18061 
18063 
1197724 
444060 
444062 
444063 
411296 
1197732 
411302 
1197742 
968395 
83660 
149204 
149206 
509700 
509703 
149256 
149259 
149262 
149266 
313120 
313126 
870184 
870187 
870189 
1034032 
870192 
1034034 
1034035 
1034037 
1427281 
1394532 
1197928 
1394537 
1197934 
477052 
477059 
1296272 
1296274 
1296276 
870307 
1034172 
1034176 
1034179 
1394640 
1394643 
1394645 
1394647 
1624052 
575486 
575491 
280604 
280606 
280607 
280612 
280613 
280614 
280615 
18476 
18478 
18480 
18483 
1296437 
1296438 
1296439 
1525817 
247880 
247882 
247883 
313420 
247885 
313422 
313424 
706672 
706680 
1099897 
673961 
542904 
542908 
542920 
542923 
542926 
542929 
542943 
542949 
313605 
444684 
444691 
444704 
444707 
444709 
444711 
837940 
837942 
837944 
837947 
1100110 
280944 
280946 
280947 
280949 
1198520 
1198525 
1198528 
18932 
18935 
18937 
543227 
707072 
674304 
707077 
674309 
838176 
838179 
412225 
412227 
379472 
608850 
608852 
248410 
576092 
576094 
576099 
510636 
510644 
182976 
510660 
510663 
182983 
445136 
445139 
576212 
445142 
445145 
576218 
576222 
1035000 
412408 
412413 
346880 
346882 
346884 
346886 
379658 
1461065 
510796 
510799 
510801 
510803 
805761 
805762 
805763 
740228 
740229 
740230 
740231 
379783 
805768 
576392 
805770 
576394 
379788 
117644 
281488 
117651 
281492 
281495 
281498 
248733 
1559476 
1559481 
1625044 
379860 
1625046 
379864 
248816 
84976 
84977 
248818 
84978 
84979 
248820 
543744 
445444 
543750 
445447 
543752 
150536 
445450 
150540 
445454 
1068068 
1002533 
1068071 
1068073 
1002537 
1625131 
1068075 
1625167 
117850 
248954 
1133719 
1133722 
150684 
1133726 
150686 
314527 
19623 
1232040 
937136 
937138 
937139 
1035444 
1035446 
117948 
117964 
445648 
740564 
740570 
1297652 
1297656 
1297659 
511256 
511259 
511263 
511266 
1232172 
1133872 
1232177 
1133876 
1396036 
904516 
904517 
904519 
970056 
1396041 
970062 
970066 
347478 
347482 
380284 
380286 
380291 
1461636 
1461640 
576967 
576972 
1527256 
1527260 
1527263 
1527266 
708076 
708078 
708081 
708084 
1527300 
1527301 
1527302 
1527303 
314916 
314921 
1461804 
1461807 
1461810 
1461812 
85560 
85562 
85567 
347720 
347721 
347722 
347723 
544352 
183908 
544357 
544359 
183914 
314992 
380544 
872072 
872075 
380556 
872077 
872079 
1560220 
1560227 
1461925 
20152 
20155 
20158 
20161 
970476 
904940 
577260 
904942 
577262 
904944 
577264 
904945 
577267 
544501 
118532 
118536 
118540 
184080 
118544 
1003284 
1003289 
1003291 
1625924 
1625928 
544592 
544597 
380792 
380797 
1003416 
741276 
741279 
1462176 
1003424 
741282 
1003428 
741284 
53156 
184236 
184239 
184241 
184244 
380860 
511936 
380864 
184272 
184275 
184277 
1069050 
675843 
151556 
151558 
151560 
151563 
118796 
118798 
118800 
118803 
446484 
151578 
446494 
708664 
708666 
708669 
708672 
708680 
708685 
708687 
151643 
1364072 
1364074 
151680 
970884 
970889 
970892 
446617 
446621 
1364132 
708772 
1364135 
708776 
643240 
217256 
217261 
741552 
217264 
1626300 
1626304 
1626308 
1102020 
1102022 
1626312 
1102025 
1102028 
250088 
86252 
250093 
86254 
250096 
86256 
86259 
708877 
1200420 
1593644 
1200428 
1593645 
1593646 
1593647 
1003824 
1003827 
250168 
1003833 
250170 
250172 
250175 
479572 
1003896 
1003897 
1003898 
1003899 
643484 
643485 
446884 
446886 
446888 
1397176 
151994 
1397183 
807368 
807376 
840148 
840153 
840156 
479735 
1430044 
1430048 
447036 
643672 
643673 
643675 
643676 
643678 
643680 
643682 
643683 
643684 
643685 
643686 
643688 
643691 
250476 
643693 
250478 
643696 
250480 
643697 
250481 
1200784 
1200786 
1200788 
905884 
807580 
905888 
807584 
807588 
1135272 
1135282 
840388 
1430215 
840391 
1430218 
840394 
840397 
1528540 
905952 
905959 
1004297 
283416 
283417 
447275 
447278 
1102664 
1594220 
1594222 
1594225 
1594228 
1233796 
1233803 
676774 
21484 
21487 
1561584 
1561585 
1561586 
1561587 
87088 
87091 
87095 
807996 
807999 
1037378 
1233988 
1037383 
1233993 
545868 
545871 
382032 
1332308 
545876 
382036 
382037 
21590 
1332312 
21596 
1135712 
1135717 
316520 
316523 
316525 
1496212 
873624 
873627 
873629 
873631 
709825 
1037560 
1037563 
1529091 
1103108 
1430828 
677164 
1430831 
1430833 
677169 
1430835 
513332 
513337 
513340 
742736 
742738 
742740 
1201493 
742743 
1201497 
578906 
578912 
1201551 
87452 
87455 
87460 
1594792 
1594798 
415152 
611764 
611767 
382391 
1234396 
808414 
1234402 
1234405 
873959 
873964 
1431060 
1431062 
1431063 
1431065 
1463856 
1463861 
382520 
153152 
808516 
153157 
808518 
153159 
808521 
1005136 
1005139 
841300 
87640 
841305 
87646 
87648 
22116 
22123 
1332847 
1332853 
1496716 
480908 
1496720 
1496724 
1496728 
677540 
677548 
1103536 
677552 
1103544 
677585 
87768 
87775 
87778 
1038054 
1038056 
1038058 
317190 
317194 
808728 
808731 
808738 
1496892 
1431356 
1431358 
1431359 
1431361 
1496899 
415560 
415561 
415562 
415563 
218980 
218983 
1038184 
1038186 
218986 
1038187 
677740 
218988 
1038189 
677742 
677743 
22384 
22386 
1005428 
22388 
1005429 
1005430 
1005431 
22391 
1628028 
120700 
120702 
1628031 
1628034 
1628038 
1398684 
1398687 
1398689 
841636 
841639 
743360 
743365 
1136588 
186320 
1136595 
186325 
1103864 
1103867 
1103870 
1103872 
1136644 
1136648 
1136652 
972824 
972831 
317503 
1595464 
1595472 
645238 
645241 
645244 
972996 
972998 
973000 
973003 
1497292 
1497295 
1497297 
1497299 
1497304 
743664 
743666 
743667 
743669 
1628440 
710936 
710937 
1628443 
710939 
710941 
1628446 
1628448 
1628456 
1628458 
1628460 
1628461 
1268016 
1268019 
776510 
776514 
1202500 
1202506 
1431904 
1431909 
1628560 
1628562 
1497500 
1497508 
547240 
448940 
547245 
448943 
448950 
547260 
547264 
1169860 
547284 
842216 
842223 
317936 
317940 
317944 
252409 
252410 
252411 
317948 
645664 
645666 
678436 
645669 
842340 
875120 
481904 
481905 
481906 
875123 
481907 
875125 
875127 
1235584 
1235586 
1235588 
1235591 
1137308 
1137312 
1137315 
318132 
154292 
154294 
318136 
154296 
154298 
318140 
318144 
23244 
1628880 
1628884 
1006296 
1006299 
383708 
1006301 
1006303 
842496 
842503 
1202976 
809761 
1202981 
809765 
547628 
547631 
547634 
547636 
449340 
449343 
449347 
1596228 
875360 
875367 
842604 
842605 
842607 
842609 
383862 
809848 
482192 
711571 
482195 
482198 
875415 
842655 
613324 
613326 
875471 
1465296 
613328 
613331 
1039337 
1039339 
252927 
1268756 
1268759 
1268762 
1268764 
1334304 
1334308 
1334311 
121912 
121915 
121922 
711752 
711753 
711754 
711755 
384076 
810108 
810113 
810115 
384156 
548012 
548015 
1268913 
548017 
548019 
253124 
613584 
613588 
580820 
351444 
351445 
580822 
351446 
580823 
351447 
580825 
744692 
384244 
744694 
384246 
744696 
384248 
384250 
1170685 
1170688 
449796 
449799 
449801 
1170698 
449803 
1596684 
1170700 
1170701 
1596690 
1596703 
1498399 
548140 
548146 
679228 
679231 
679233 
679235 
23881 
23883 
23885 
777550 
1039696 
548180 
89428 
1039701 
548184 
548187 
89436 
89440 
974179 
253287 
548201 
548203 
253293 
351610 
351611 
1301912 
1301919 
384432 
384435 
679380 
679382 
679384 
122328 
679385 
122331 
974300 
974302 
122334 
974304 
974305 
122338 
1105400 
1105404 
777728 
777729 
777730 
777731 
1465868 
1465871 
1465874 
1465878 
1171033 
1171035 
1171037 
974460 
319104 
974466 
319110 
384648 
384650 
319114 
384651 
1465996 
548492 
1465998 
1466001 
548497 
1466003 
548499 
548504 
974560 
1203940 
1203943 
1203945 
1203947 
974582 
122618 
712444 
122621 
1498879 
122624 
712449 
1007376 
450356 
24412 
221036 
221039 
1105776 
221041 
1105781 
548733 
188289 
778120 
1105807 
384920 
384927 
24488 
24495 
319424 
319426 
516048 
516055 
24580 
24586 
221204 
90132 
57365 
221207 
221209 
57369 
90138 
548892 
385052 
221212 
548897 
57390 
57391 
974932 
974934 
974937 
974940 
1040480 
1040483 
1040485 
1040487 
516214 
909444 
319620 
909445 
909446 
319622 
909447 
319624 
319626 
549004 
549010 
549014 
811165 
549024 
811169 
549030 
975016 
549032 
975018 
975020 
975023 
1335472 
1335479 
516312 
1401064 
1401067 
155908 
155910 
516359 
155913 
516362 
680204 
516365 
680207 
680209 
1335588 
1335591 
1335593 
1335595 
1138988 
1138994 
549213 
549215 
1171808 
876901 
909676 
909677 
909678 
647534 
909679 
745839 
647536 
745841 
647568 
647569 
254353 
647570 
254354 
254355 
1466784 
1466787 
909739 
123332 
123334 
123339 
319956 
57816 
319962 
1139165 
57829 
1597932 
1499668 
516628 
516630 
1499672 
516633 
1499675 
516636 
1499678 
1630764 
1630768 
1630772 
1598008 
1598015 
614992 
614994 
1630804 
1073748 
614996 
614997 
1073750 
1073751 
1630809 
1073753 
1139300 
1630822 
1630827 
1139307 
1499772 
1434244 
57989 
57992 
385692 
385695 
156328 
582324 
1499832 
582328 
1499838 
1499842 
647916 
647923 
647926 
1172240 
746276 
746280 
1139502 
1139504 
1139505 
320332 
320333 
320334 
320335 
1172320 
123748 
1172328 
123755 
385904 
385907 
1041284 
1041288 
1500092 
1500097 
1500100 
1270724 
1270726 
1270728 
1270729 
418772 
418775 
418777 
1205211 
418780 
91124 
91125 
91127 
91129 
25596 
25600 
25602 
1631316 
1008756 
1008760 
1008764 
1008768 
1467526 
1041572 
1008805 
124098 
550102 
550105 
550108 
189668 
681203 
1500411 
779518 
1467648 
1434884 
877828 
779524 
1467655 
877831 
877833 
877835 
517391 
189720 
189726 
1271078 
1467688 
1271080 
320808 
320810 
1467693 
1467696 
320816 
648510 
1172804 
550216 
550217 
1172810 
1172812 
550221 
189793 
1500536 
1500538 
1500544 
615810 
615815 
845200 
1107348 
845207 
1107354 
845210 
1107356 
386482 
1172940 
189904 
157136 
1172945 
1172947 
157141 
157144 
189940 
189946 
189948 
1009160 
1009164 
1009167 
1598992 
1598994 
1598996 
1598999 
1599006 
517670 
517676 
1500720 
1500727 
124472 
1500730 
124475 
1140284 
1140287 
1140289 
124481 
1140291 
1205832 
1205836 
1205839 
1205842 
878191 
878193 
1468048 
1468053 
878240 
878241 
878243 
1468076 
26288 
1468082 
26291 
1468086 
419528 
419531 
419534 
1631972 
1631974 
1631976 
1631977 
1533704 
485136 
485139 
780105 
780108 
747372 
943996 
943998 
944000 
944002 
1009548 
1009553 
452512 
452514 
452515 
452517 
157616 
518067 
157619 
681920 
681923 
681925 
681927 
1501128 
1501132 
1501134 
878544 
1632210 
1632215 
878552 
878556 
878558 
1140724 
26632 
26636 
26639 
26642 
845874 
26688 
387137 
682050 
26695 
26708 
26712 
26716 
26732 
26736 
26739 
26742 
944252 
944253 
944254 
944255 
911516 
911519 
911521 
911523 
1009852 
1009855 
977114 
452856 
452863 
1206528 
747784 
747786 
747788 
747791 
1206548 
944404 
1206550 
944406 
1206552 
1206554 
944412 
1141024 
1141027 
1141029 
1304880 
1304881 
1304882 
1304883 
59706 
846152 
846155 
846157 
321875 
125271 
321882 
1534356 
1173956 
1173962 
1173966 
1206744 
1206746 
1206749 
682472 
453103 
453106 
453109 
27144 
191004 
1043008 
1043010 
1043013 
1043016 
846408 
846415 
125555 
1600116 
1174132 
92788 
125559 
125562 
92794 
1600123 
1600126 
92798 
1272454 
1272455 
92808 
92815 
748200 
748202 
846507 
748204 
748205 
846511 
1501876 
1534646 
1501881 
1534651 
191176 
1141456 
1141462 
1141464 
1010404 
1010412 
1010416 
879344 
256788 
256790 
256792 
813868 
813871 
813873 
1207100 
813884 
813886 
158528 
1207106 
813892 
191300 
1043272 
191305 
1043275 
191308 
1043278 
1043282 
846682 
322412 
322415 
322422 
256908 
256914 
27552 
27559 
879596 
879601 
1240056 
1240059 
1272828 
191484 
1240061 
1240063 
1174560 
650272 
1174565 
650278 
519210 
683063 
683066 
191571 
552035 
552041 
1502332 
1600660 
1010836 
1010838 
1010840 
1600667 
1010843 
1600670 
879788 
879793 
60600 
60603 
60610 
453828 
421063 
1174729 
453833 
1174731 
650444 
1043672 
1043676 
1273064 
453864 
1273066 
453869 
1273071 
1338628 
1338630 
1338633 
1338636 
257298 
257303 
552240 
552247 
552250 
847167 
847171 
814428 
814432 
814435 
453995 
1011052 
978288 
454000 
454008 
454011 
1174908 
454014 
1174911 
945537 
454018 
93596 
93598 
93600 
1469858 
93603 
1109419 
1469908 
1469910 
1142230 
1469912 
1469915 
1142239 
585184 
585186 
585188 
978408 
978411 
978413 
978415 
617968 
257524 
617973 
1601044 
1601048 
650776 
1601052 
749084 
749086 
1601056 
749088 
749091 
978468 
978470 
978472 
978475 
388672 
1633860 
1207876 
388676 
1633861 
1633862 
1633863 
1207880 
1207882 
486988 
1109584 
1109628 
1109631 
1109633 
945804 
61068 
945805 
945806 
945807 
61074 
749220 
1601191 
388788 
388794 
93884 
388798 
93889 
1601239 
519940 
519944 
519948 
519952 
1044251 
1044254 
1044256 
519984 
519990 
814928 
814932 
814935 
814938 
389004 
389006 
389012 
1011607 
1634204 
1437598 
1634209 
1634212 
454565 
1044392 
1044395 
683948 
1044397 
683950 
1044399 
683951 
683953 
1503156 
1503160 
1503164 
1503168 
1372096 
1372103 
1372164 
1372167 
1372169 
1372171 
651292 
651297 
978980 
978988 
651312 
1437752 
1372240 
1372248 
1372252 
192612 
192617 
1273964 
1273966 
1273969 
1273972 
847989 
1208472 
1208474 
1208476 
1208478 
1011880 
487594 
1011885 
487598 
848048 
192688 
848051 
651444 
848053 
192693 
848055 
192696 
1044666 
1175739 
1044669 
520395 
979155 
1011935 
1208573 
717108 
979276 
1536352 
586083 
1536357 
1143147 
782712 
782719 
192916 
192921 
127416 
127418 
1110460 
127420 
127423 
1110464 
1110467 
389584 
1143256 
1143259 
1044956 
1044962 
946671 
324096 
324100 
324101 
1012236 
1012239 
1012242 
1012245 
750120 
1143340 
750125 
1143345 
1143348 
1372732 
848445 
848447 
1602120 
1176136 
1602123 
1471052 
1176141 
1471054 
553580 
553582 
553583 
1274480 
553585 
1274484 
815768 
815775 
815778 
258728 
258731 
258733 
1503940 
1503944 
422608 
422611 
946902 
946905 
946908 
553696 
553699 
553702 
553705 
1274620 
520956 
520962 
520966 
1012492 
226063 
684818 
881468 
881474 
1274696 
1274702 
1209180 
1569644 
455559 
1012632 
1012634 
1012635 
1274797 
1110962 
816052 
193464 
816057 
193488 
193491 
127972 
1045480 
455680 
422912 
422914 
455683 
422916 
422919 
1504271 
1504274 
1438744 
521240 
390172 
1438751 
521248 
1438754 
1373240 
1373244 
1373252 
816204 
1373263 
259172 
259179 
29804 
1537148 
783488 
1537153 
1537156 
783493 
783496 
1569950 
1569954 
1569955 
423096 
423098 
980156 
980159 
423103 
980161 
718024 
1111268 
1111274 
1537276 
1537279 
685340 
685350 
1635624 
1635628 
685360 
685363 
685369 
455998 
881992 
456008 
881995 
456012 
881997 
881999 
816504 
816512 
1504644 
1373580 
1373584 
1373587 
619976 
619978 
619980 
619983 
325075 
390628 
390631 
947688 
390633 
390635 
947692 
947694 
1013248 
1013255 
1177116 
1177118 
816672 
1177124 
816679 
1439350 
194224 
194226 
1046196 
194231 
1046200 
587452 
1046206 
1537776 
1537781 
63244 
63249 
1373976 
1570604 
1570606 
1570608 
1570610 
325444 
325445 
325447 
30540 
1603408 
30544 
1603412 
96088 
96092 
456552 
1570670 
456558 
1013616 
456560 
1013619 
1570676 
1013621 
1013623 
980862 
980865 
948223 
948225 
817172 
817176 
817179 
1275936 
1275938 
1275941 
1275944 
1046582 
1177656 
1177658 
1046586 
1177660 
784448 
784451 
784456 
1210455 
1210462 
1112196 
1112199 
948373 
850078 
1603744 
850081 
260260 
1603749 
260265 
850115 
1046752 
1046756 
1046758 
981248 
981250 
1210628 
981252 
981255 
1210634 
817431 
817436 
817444 
817448 
63792 
63796 
1177944 
1177950 
1177954 
1603956 
1603962 
326016 
326020 
326021 
96679 
1014292 
1014296 
1014299 
1014302 
162342 
1440332 
1440338 
1440340 
31316 
31321 
1538658 
1342060 
1342063 
1342066 
1342070 
1014400 
1014404 
555680 
555682 
555685 
948908 
1604276 
1604280 
391884 
391891 
1506032 
1506036 
1506040 
1506044 
654101 
981804 
1375023 
981809 
1375026 
1375030 
1571651 
1309556 
129920 
129926 
719756 
1407888 
1506197 
1506198 
1506199 
1571739 
1571746 
1145764 
1145770 
818100 
818107 
1407932 
97212 
818110 
1407936 
1407940 
1407944 
1407954 
719892 
719894 
719896 
719899 
1637436 
1408116 
1408122 
1211560 
1211562 
1211564 
1211565 
1342652 
752828 
752830 
1342660 
982244 
982250 
490733 
1506548 
1506551 
1506553 
1506556 
1146108 
1146111 
1146113 
1080612 
1080613 
1080614 
1080615 
687406 
1441084 
1441092 
1539400 
1539402 
785760 
785764 
130404 
785767 
130407 
785770 
130410 
130414 
1375612 
32128 
687496 
687500 
195986 
195990 
884135 
1146284 
1146286 
1146287 
1146289 
982464 
982468 
196055 
196062 
818708 
491084 
491086 
491088 
491090 
196178 
196184 
1048168 
1080975 
818832 
818836 
818839 
1506972 
1015452 
1506973 
1506974 
1506975 
1015459 
1375908 
1375911 
1375914 
1375918 
1539774 
949952 
720577 
720579 
949956 
392904 
32456 
949962 
392906 
32458 
392908 
32460 
32461 
392911 
655072 
1015524 
1015527 
1015529 
1015531 
687880 
327432 
327434 
687883 
327435 
327437 
491284 
1605400 
687896 
491288 
687898 
1605403 
687900 
1605405 
1605407 
1507114 
687929 
1146706 
1146709 
1540000 
1572772 
393124 
1540007 
393127 
1572776 
393130 
1572780 
950188 
393133 
950192 
1212340 
950196 
1212343 
950200 
1212350 
1310706 
)

// ************************************************************************* //
