/*--------------------------------*- C++ -*----------------------------------*\
  =========                 |
  \\      /  F ield         | OpenFOAM: The Open Source CFD Toolbox
   \\    /   O peration     | Website:  https://openfoam.org
    \\  /    A nd           | Version:  7
     \\/     M anipulation  |
\*---------------------------------------------------------------------------*/
FoamFile
{
    version     2.0;
    format      ascii;
    class       faceSet;
    location    "constant/polyMesh/sets";
    object      wall;
}
// * * * * * * * * * * * * * * * * * * * * * * * * * * * * * * * * * * * * * //


656
(
1562642 
1562644 
1568791 
1562647 
1568794 
1568797 
1556509 
1562653 
1556512 
1568803 
1556516 
1568809 
1556523 
1568813 
1568816 
1568823 
1546298 
1546301 
1554494 
1546303 
1554498 
1546310 
1554504 
1554507 
1568853 
1568856 
1560665 
1568859 
1560668 
1560671 
1568865 
1560677 
1562741 
1566837 
1562743 
1566839 
1562745 
1566841 
1558653 
1562750 
1566846 
1558655 
1558657 
1546371 
1546374 
1558662 
1546377 
1568909 
1568912 
1546385 
1568915 
1568921 
1564825 
1564828 
1564831 
1564837 
1568942 
1568944 
1568946 
1568951 
1568953 
1564857 
1564859 
1568956 
1564861 
1568959 
1564866 
1568965 
1568981 
1568983 
1568985 
1566937 
1566939 
1566941 
1568990 
1568993 
1566946 
1568996 
1568998 
1569003 
1564907 
1566957 
1569005 
1566959 
1569007 
1564911 
1569009 
1566962 
1564915 
1566965 
1569014 
1554679 
1554682 
1564924 
1554685 
1550590 
1546494 
1546496 
1550593 
1546499 
1550597 
1554693 
1569030 
1569033 
1546505 
1550604 
1569037 
1569040 
1554709 
1554712 
1554715 
1569057 
1554721 
1569062 
1569065 
1569070 
1569074 
1569076 
1569078 
1569083 
1569102 
1569104 
1569106 
1569111 
1567067 
1567070 
1567076 
1567079 
1569138 
1565043 
1569141 
1569143 
1565047 
1550714 
1565051 
1550716 
1569150 
1550719 
1567105 
1569155 
1567107 
1565060 
1567109 
1550725 
1569158 
1569161 
1567114 
1569167 
1560986 
1560988 
1560991 
1569189 
1560997 
1558949 
1569191 
1558952 
1569193 
1558955 
1569198 
1558961 
1569225 
1550794 
1569227 
1550797 
1569230 
1550799 
1569233 
1550806 
1563098 
1569245 
1563101 
1563103 
1569248 
1565153 
1569250 
1565155 
1565157 
1563110 
1569255 
1569257 
1544681 
1565162 
1569259 
1544684 
1569261 
1544687 
1569266 
1544693 
1569270 
1569272 
1569274 
1561082 
1561084 
1569279 
1561087 
1569281 
1569283 
1569285 
1561093 
1559045 
1559048 
1569290 
1559051 
1569293 
1569296 
1567249 
1559057 
1569298 
1550866 
1567251 
1550868 
1567253 
1569303 
1550871 
1567258 
1550877 
1565226 
1565229 
1565233 
1567285 
1567287 
1565240 
1567289 
1550909 
1567294 
1550912 
1550915 
1550921 
1567353 
1559162 
1567355 
1559164 
1567357 
1559167 
1567362 
1559173 
1567389 
1567391 
1567393 
1557154 
1567398 
1557158 
1557161 
1557169 
1567413 
1567415 
1567417 
1567422 
1565374 
1565376 
1567426 
1565379 
1567428 
1567431 
1565385 
1567437 
1565389 
1565391 
1565393 
1565398 
1565418 
1565420 
1565423 
1565429 
1567497 
1567502 
1567505 
1567510 
1544999 
1545003 
1545007 
1545016 
1567561 
1559370 
1567563 
1559373 
1567565 
1559375 
1567570 
1559382 
1567577 
1567581 
1567584 
1567591 
1553270 
1553274 
1553277 
1553285 
1541002 
1563530 
1563532 
1541005 
1541007 
1563535 
1563541 
1541014 
1543082 
1543085 
1563565 
1555374 
1543087 
1563567 
1555377 
1563569 
1555379 
1543094 
1563574 
1555386 
1549242 
1549244 
1549247 
1549253 
1569736 
1569738 
1569741 
1563601 
1569747 
1563606 
1559510 
1563609 
1567705 
1559513 
1567707 
1559515 
1567709 
1563614 
1551326 
1567714 
1559522 
1551330 
1553379 
1551333 
1553382 
1539047 
1553385 
1539051 
1551341 
1565678 
1539055 
1565681 
1553393 
1559538 
1565683 
1559540 
1559543 
1539064 
1565690 
1559549 
1567754 
1567756 
1567759 
1567765 
1569821 
1569824 
1567777 
1569826 
1567779 
1567781 
1569831 
1567786 
1563698 
1563700 
1565749 
1563703 
1565754 
1565757 
1563709 
1565762 
1567823 
1567827 
1567831 
1567839 
1559659 
1559665 
1559668 
1565813 
1565815 
1565817 
1559675 
1565822 
1567910 
1567913 
1561770 
1567917 
1561773 
1561775 
1567920 
1551538 
1551540 
1561782 
1551543 
1563833 
1563836 
1551549 
1563839 
1567937 
1567941 
1563845 
1567944 
1563849 
1563852 
1567951 
1563855 
1563861 
1551582 
1551585 
1551589 
1551596 
1563918 
1563920 
1563923 
1565974 
1565977 
1563929 
1565979 
1565986 
1568065 
1568067 
1568069 
1568074 
1549642 
1549646 
1566031 
1549649 
1566034 
1566037 
1549657 
1566045 
1566050 
1566053 
1566055 
1568108 
1566062 
1568111 
1568113 
1568119 
1566075 
1543547 
1566078 
1543551 
1566081 
1568129 
1568131 
1543555 
1568133 
1566089 
1568138 
1570186 
1570188 
1543564 
1570190 
1570195 
1555866 
1562010 
1555868 
1562013 
1555871 
1562017 
1568162 
1568165 
1555877 
1562024 
1568169 
1568176 
1566130 
1557938 
1566132 
1557940 
1564086 
1566135 
1557943 
1564090 
1564093 
1566141 
1557949 
1564101 
1549786 
1549789 
1557982 
1549791 
1557985 
1545699 
1557989 
1564134 
1549798 
1545703 
1564136 
1545707 
1564139 
1557996 
1564145 
1545716 
1570302 
1570304 
1570306 
1570311 
1553967 
1553970 
1553973 
1564218 
1553979 
1564221 
1564223 
1564230 
1556045 
1556048 
1556052 
1556059 
1568349 
1568351 
1568353 
1568358 
1543782 
1543786 
1543789 
1564274 
1564276 
1543797 
1564279 
1541754 
1562237 
1564285 
1541757 
1562240 
1541761 
1562243 
1541768 
1562249 
1545870 
1545874 
1568405 
1545877 
1568407 
1568409 
1545885 
1570462 
1568414 
1570467 
1570469 
1556134 
1566374 
1556137 
1566377 
1558186 
1570475 
1556139 
1566379 
1558189 
1558191 
1556146 
1562290 
1566386 
1568436 
1562292 
1568438 
1558198 
1562295 
1568441 
1562301 
1568447 
1570510 
1570517 
1570520 
1564377 
1568474 
1568477 
1564382 
1570526 
1568481 
1564385 
1568484 
1564390 
1566461 
1566463 
1566465 
1566470 
1568526 
1568528 
1568533 
1552150 
1568536 
1552152 
1552155 
1552161 
1562426 
1568572 
1562429 
1568575 
1562431 
1568577 
1560385 
1564482 
1564484 
1560388 
1562438 
1568583 
1564487 
1560391 
1564493 
1560397 
1560402 
1560405 
1560409 
1570654 
1560416 
1570657 
1570661 
1570664 
1568619 
1568622 
1546098 
1568628 
1552246 
1546102 
1568631 
1552249 
1546105 
1552251 
1546113 
1552258 
1556354 
1556358 
1556361 
1568651 
1568654 
1556369 
1564562 
1568660 
1564564 
1568663 
1564567 
1546137 
1546140 
1564573 
1546143 
1564577 
1564580 
1568677 
1546149 
1568679 
1564583 
1568682 
1568685 
1564589 
1552310 
1552312 
1552315 
1552321 
1554386 
1554389 
1554393 
1550298 
1550300 
1550303 
1554400 
1550309 
)

// ************************************************************************* //
