/*--------------------------------*- C++ -*----------------------------------*\
  =========                 |
  \\      /  F ield         | OpenFOAM: The Open Source CFD Toolbox
   \\    /   O peration     | Website:  https://openfoam.org
    \\  /    A nd           | Version:  7
     \\/     M anipulation  |
\*---------------------------------------------------------------------------*/
FoamFile
{
    version     2.0;
    format      ascii;
    class       regIOobject;
    location    "constant/polyMesh";
    object      faceZones;
}
// * * * * * * * * * * * * * * * * * * * * * * * * * * * * * * * * * * * * * //

1
(
wall
{
    type faceZone;
faceLabels      List<label> 
656
(
1568998
1569003
1568993
1568996
1568912
1568921
1568915
1568909
1569285
1569290
1569281
1569283
1569030
1569040
1569037
1569033
1568677
1568685
1568682
1568679
1568809
1568823
1568816
1568813
1566031
1566045
1566034
1566037
1564090
1564101
1564093
1564086
1570467
1570475
1570469
1570462
1569741
1569747
1569738
1569736
1569824
1569831
1569826
1569821
1568169
1568176
1568162
1568165
1568407
1568414
1568409
1568405
1539051
1539064
1539055
1539047
1568351
1568358
1568353
1568349
1568985
1568990
1568981
1568983
1566957
1566965
1566962
1566959
1556137
1556146
1556139
1556134
1567393
1567398
1567389
1567391
1553970
1553979
1553967
1553973
1567287
1567294
1567289
1567285
1551582
1551596
1551585
1551589
1567253
1567258
1567249
1567251
1550909
1550921
1550912
1550915
1568067
1568074
1568069
1568065
1550597
1550604
1550590
1550593
1569193
1569198
1569189
1569191
1566075
1566089
1566078
1566081
1569270
1569279
1569274
1569272
1567067
1567079
1567076
1567070
1569225
1569233
1569230
1569227
1567505
1567510
1567497
1567502
1568619
1568631
1568628
1568622
1569261
1569266
1569257
1569259
1569141
1569150
1569143
1569138
1569074
1569083
1569078
1569076
1568794
1568803
1568791
1568797
1569102
1569111
1569106
1569104
1568533
1568536
1568528
1568526
1569007
1569014
1569009
1569005
1568436
1568447
1568441
1568438
1568942
1568951
1568946
1568944
1567577
1567591
1567584
1567581
1569155
1569167
1569161
1569158
1567937
1567951
1567944
1567941
1569245
1569255
1569248
1569250
1569298
1569303
1569293
1569296
1569062
1569070
1569065
1569057
1568859
1568865
1568853
1568856
1565226
1565240
1565229
1565233
1568572
1568583
1568577
1568575
1565757
1565762
1565749
1565754
1567910
1567920
1567917
1567913
1563606
1563614
1563609
1563601
1568474
1568484
1568481
1568477
1564385
1564390
1564377
1564382
1568108
1568119
1568113
1568111
1565047
1565060
1565051
1565043
1568959
1568965
1568953
1568956
1564907
1564924
1564911
1564915
1568651
1568663
1568660
1568654
1567823
1567839
1567831
1567827
1549649
1549657
1549642
1549646
1564564
1564573
1564567
1564562
1541005
1541014
1541007
1541002
1559543
1559549
1559538
1559540
1562741
1562750
1562743
1562745
1553277
1553285
1553270
1553274
1554498
1554507
1554494
1554504
1556516
1556523
1556512
1556509
1566050
1566062
1566053
1566055
1543782
1543797
1543786
1543789
1567707
1567714
1567709
1567705
1563703
1563709
1563698
1563700
1559510
1559522
1559513
1559515
1555868
1555877
1555871
1555866
1555374
1555386
1555377
1555379
1559665
1559675
1559668
1559659
1567431
1567437
1567426
1567428
1562017
1562024
1562010
1562013
1559370
1559382
1559373
1559375
1567105
1567114
1567107
1567109
1562431
1562438
1562426
1562429
1550716
1550725
1550719
1550714
1567754
1567765
1567756
1567759
1546371
1546385
1546374
1546377
1545703
1545716
1545707
1545699
1566130
1566141
1566132
1566135
1562240
1562249
1562243
1562237
1551333
1551341
1551326
1551330
1552150
1552161
1552152
1552155
1549244
1549253
1549247
1549242
1567417
1567422
1567413
1567415
1565977
1565986
1565979
1565974
1570510
1570526
1570517
1570520
1556048
1556059
1556045
1556052
1570661
1570664
1570657
1570654
1562295
1562301
1562290
1562292
1566465
1566470
1566461
1566463
1564223
1564230
1564218
1564221
1565817
1565822
1565813
1565815
1557938
1557949
1557940
1557943
1546298
1546310
1546301
1546303
1559162
1559173
1559164
1559167
1550300
1550309
1550303
1550298
1546140
1546149
1546143
1546137
1564828
1564837
1564831
1564825
1566941
1566946
1566937
1566939
1558191
1558198
1558186
1558189
1565678
1565690
1565681
1565683
1563098
1563110
1563101
1563103
1563535
1563541
1563530
1563532
1567777
1567786
1567779
1567781
1564583
1564589
1564577
1564580
1560668
1560677
1560671
1560665
1565155
1565162
1565157
1565153
1552249
1552258
1552251
1552246
1561087
1561093
1561082
1561084
1563918
1563929
1563920
1563923
1543085
1543094
1543087
1543082
1544684
1544693
1544687
1544681
1564482
1564493
1564484
1564487
1564139
1564145
1564134
1564136
1563833
1563845
1563836
1563839
1560991
1560997
1560986
1560988
1559051
1559057
1559045
1559048
1566839
1566846
1566841
1566837
1554679
1554693
1554682
1554685
1553382
1553393
1553385
1553379
1546494
1546505
1546496
1546499
1550799
1550806
1550794
1550797
1562647
1562653
1562642
1562644
1567357
1567362
1567353
1567355
1565423
1565429
1565418
1565420
1556361
1556369
1556354
1556358
1546102
1546113
1546105
1546098
1545877
1545885
1545870
1545874
1566377
1566386
1566379
1566374
1551543
1551549
1551538
1551540
1554709
1554721
1554712
1554715
1560405
1560416
1560409
1560402
1564857
1564866
1564859
1564861
1558949
1558961
1558952
1558955
1564274
1564285
1564276
1564279
1568131
1568138
1568133
1568129
1563567
1563574
1563569
1563565
1560391
1560397
1560385
1560388
1570306
1570311
1570304
1570302
1557161
1557169
1557154
1557158
1545007
1545016
1544999
1545003
1570188
1570195
1570186
1570190
1550868
1550877
1550871
1550866
1549789
1549798
1549791
1549786
1558657
1558662
1558653
1558655
1567561
1567570
1567563
1567565
1554389
1554400
1554393
1554386
1563849
1563861
1563852
1563855
1543555
1543564
1543547
1543551
1565391
1565398
1565393
1565389
1561773
1561782
1561775
1561770
1541754
1541768
1541757
1541761
1552315
1552321
1552310
1552312
1557985
1557996
1557989
1557982
1565374
1565385
1565376
1565379
)
;
flipMap         List<bool> 656{1};
}
)

// ************************************************************************* //
