# Residuals   
# Time        	p             	Ux            	Uy            	Uz            
0.005         	1.000000e+00	1.000000e+00	1.000000e+00	1.000000e+00
0.01          	8.799716e-01	1.117781e-01	2.161973e-01	1.458363e-01
0.015         	3.328265e-01	5.701950e-02	1.356626e-01	7.198467e-02
0.02          	1.666790e-01	3.010386e-02	7.732438e-02	3.750659e-02
0.025         	1.170544e-01	2.163205e-02	5.471432e-02	2.713972e-02
0.03          	9.431580e-02	1.832930e-02	4.544856e-02	2.336131e-02
0.035         	8.224454e-02	1.652313e-02	4.175292e-02	2.192027e-02
0.04          	7.415778e-02	1.546306e-02	3.950190e-02	2.151499e-02
0.045         	6.809617e-02	1.496184e-02	3.703331e-02	2.139289e-02
0.05          	6.268466e-02	1.471612e-02	3.516807e-02	2.131463e-02
0.055         	5.978916e-02	1.458702e-02	3.397470e-02	2.130363e-02
0.06          	5.715168e-02	1.458828e-02	3.348045e-02	2.139497e-02
0.065         	5.579790e-02	1.461997e-02	3.351286e-02	2.152554e-02
0.07          	5.402280e-02	1.456878e-02	3.370140e-02	2.164759e-02
0.075         	5.403318e-02	1.454579e-02	3.414244e-02	2.174327e-02
0.08          	5.346393e-02	1.463401e-02	3.479444e-02	2.184688e-02
0.085         	5.390877e-02	1.480195e-02	3.607851e-02	2.196860e-02
0.09          	5.376650e-02	1.495549e-02	3.716201e-02	2.208070e-02
0.095         	5.363817e-02	1.507535e-02	3.805726e-02	2.221601e-02
0.1           	5.295925e-02	1.534551e-02	3.878239e-02	2.237550e-02
0.105         	5.235404e-02	1.556112e-02	3.954112e-02	2.258532e-02
0.11          	5.245747e-02	1.581727e-02	4.034442e-02	2.282982e-02
0.115         	5.240894e-02	1.607156e-02	4.102560e-02	2.312378e-02
0.12          	5.281978e-02	1.632487e-02	4.169012e-02	2.336603e-02
0.125         	5.295893e-02	1.656693e-02	4.234932e-02	2.351796e-02
0.13          	5.294547e-02	1.677406e-02	4.294749e-02	2.364998e-02
0.135         	5.402942e-02	1.685177e-02	4.334200e-02	2.370258e-02
0.14          	5.456289e-02	1.684058e-02	4.348242e-02	2.358001e-02
0.145         	5.505857e-02	1.673897e-02	4.356877e-02	2.339789e-02
0.15          	5.487845e-02	1.661895e-02	4.351033e-02	2.322895e-02
0.155         	5.399786e-02	1.653781e-02	4.343757e-02	2.305275e-02
0.16          	5.496439e-02	1.649405e-02	4.336459e-02	2.286009e-02
0.165         	5.482829e-02	1.644680e-02	4.318356e-02	2.269073e-02
0.17          	5.464324e-02	1.641342e-02	4.290918e-02	2.251579e-02
0.175         	5.466773e-02	1.632146e-02	4.253940e-02	2.233197e-02
0.18          	5.428469e-02	1.616666e-02	4.200429e-02	2.211094e-02
0.185         	5.321783e-02	1.598047e-02	4.125565e-02	2.188661e-02
0.19          	5.151487e-02	1.583581e-02	4.046582e-02	2.165791e-02
0.195         	5.024884e-02	1.566575e-02	3.959957e-02	2.139447e-02
0.2           	4.948129e-02	1.547843e-02	3.871011e-02	2.116139e-02
0.205         	4.838016e-02	1.533537e-02	3.785965e-02	2.102287e-02
0.21          	4.804092e-02	1.518364e-02	3.709281e-02	2.094874e-02
0.215         	4.685191e-02	1.505999e-02	3.662335e-02	2.087023e-02
0.22          	4.573878e-02	1.491019e-02	3.642209e-02	2.068480e-02
0.225         	4.519314e-02	1.468473e-02	3.615116e-02	2.029414e-02
0.23          	4.444415e-02	1.438657e-02	3.583467e-02	1.986375e-02
0.235         	4.428497e-02	1.401083e-02	3.539144e-02	1.943333e-02
0.24          	4.421657e-02	1.358489e-02	3.474075e-02	1.895654e-02
0.245         	4.317853e-02	1.292749e-02	3.397272e-02	1.860587e-02
0.25          	4.307833e-02	1.239502e-02	3.304462e-02	1.831894e-02
0.255         	4.268356e-02	1.200024e-02	3.205460e-02	1.798198e-02
0.26          	4.270378e-02	1.172039e-02	3.119937e-02	1.762431e-02
0.265         	4.250449e-02	1.156184e-02	3.066989e-02	1.730042e-02
0.27          	4.255364e-02	1.150603e-02	3.049991e-02	1.713032e-02
0.275         	4.231901e-02	1.150527e-02	3.047577e-02	1.734739e-02
0.28          	4.317841e-02	1.157768e-02	3.069148e-02	1.758257e-02
0.285         	4.320307e-02	1.169980e-02	3.088021e-02	1.776428e-02
0.29          	4.291610e-02	1.181389e-02	3.089506e-02	1.784539e-02
0.295         	4.328291e-02	1.189971e-02	3.096327e-02	1.784454e-02
0.3           	4.358189e-02	1.197761e-02	3.106253e-02	1.779586e-02
0.305         	4.387480e-02	1.203711e-02	3.100120e-02	1.772821e-02
0.31          	4.297946e-02	1.213011e-02	3.046279e-02	1.765324e-02
0.315         	4.220040e-02	1.216504e-02	2.990228e-02	1.752843e-02
0.32          	4.002877e-02	1.211623e-02	2.931976e-02	1.742438e-02
0.325         	3.998255e-02	1.205776e-02	2.873203e-02	1.725660e-02
0.33          	3.861973e-02	1.214524e-02	2.836837e-02	1.687774e-02
0.335         	3.897507e-02	1.220501e-02	2.813301e-02	1.654238e-02
0.34          	3.917407e-02	1.217663e-02	2.786163e-02	1.624851e-02
0.345         	3.875104e-02	1.209302e-02	2.764456e-02	1.604000e-02
0.35          	3.849195e-02	1.197576e-02	2.753742e-02	1.590078e-02
0.355         	3.794127e-02	1.181530e-02	2.782598e-02	1.575629e-02
0.36          	3.762500e-02	1.163406e-02	2.796555e-02	1.556561e-02
0.365         	3.619691e-02	1.150432e-02	2.818273e-02	1.544618e-02
0.37          	3.615464e-02	1.138588e-02	2.837270e-02	1.540887e-02
0.375         	3.651531e-02	1.134896e-02	2.863775e-02	1.545578e-02
0.38          	3.690621e-02	1.137001e-02	2.834354e-02	1.578579e-02
0.385         	3.722206e-02	1.138628e-02	2.826787e-02	1.574518e-02
0.39          	3.746362e-02	1.132208e-02	2.802880e-02	1.587051e-02
0.395         	3.777950e-02	1.124752e-02	2.779029e-02	1.596311e-02
0.4           	3.800174e-02	1.118000e-02	2.756205e-02	1.605501e-02
0.405         	3.836435e-02	1.113016e-02	2.782157e-02	1.584928e-02
0.41          	3.837157e-02	1.100355e-02	2.720145e-02	1.586759e-02
0.415         	3.841842e-02	1.081204e-02	2.689998e-02	1.576153e-02
0.42          	3.819207e-02	1.060403e-02	2.612280e-02	1.555679e-02
0.425         	3.792742e-02	1.037762e-02	2.539739e-02	1.523057e-02
0.43          	3.727030e-02	1.015747e-02	2.475569e-02	1.486745e-02
0.435         	3.676405e-02	9.921342e-03	2.459324e-02	1.448449e-02
0.44          	3.591962e-02	9.709411e-03	2.409083e-02	1.414542e-02
0.445         	3.504183e-02	9.463282e-03	2.391243e-02	1.368843e-02
0.45          	3.378746e-02	9.275794e-03	2.366865e-02	1.304841e-02
0.455         	3.355517e-02	9.081914e-03	2.330958e-02	1.277999e-02
0.46          	3.303245e-02	8.935048e-03	2.304487e-02	1.264027e-02
0.465         	3.344378e-02	8.793361e-03	2.274435e-02	1.252249e-02
0.47          	3.327781e-02	8.674887e-03	2.241555e-02	1.242503e-02
0.475         	3.288156e-02	8.552289e-03	2.216183e-02	1.231412e-02
0.48          	3.295964e-02	8.472209e-03	2.205538e-02	1.223649e-02
0.485         	3.263965e-02	8.431529e-03	2.196564e-02	1.220241e-02
0.49          	3.204020e-02	8.428545e-03	2.184546e-02	1.221967e-02
0.495         	3.288190e-02	8.488629e-03	2.142417e-02	1.229451e-02
0.5           	3.304022e-02	8.582597e-03	2.123292e-02	1.241343e-02
0.505         	3.384392e-02	8.681487e-03	2.156400e-02	1.257664e-02
0.51          	3.409126e-02	8.839469e-03	2.171525e-02	1.278038e-02
0.515         	3.420831e-02	8.977257e-03	2.185843e-02	1.297821e-02
0.52          	3.466205e-02	9.060775e-03	2.200936e-02	1.311229e-02
0.525         	3.481686e-02	9.115542e-03	2.225139e-02	1.322731e-02
0.53          	3.431860e-02	9.179820e-03	2.263989e-02	1.335701e-02
0.535         	3.482438e-02	9.297895e-03	2.318004e-02	1.350255e-02
0.54          	3.513687e-02	9.432453e-03	2.371557e-02	1.367750e-02
0.545         	3.623366e-02	9.592263e-03	2.421472e-02	1.386093e-02
0.55          	3.689028e-02	9.731911e-03	2.462186e-02	1.403828e-02
0.555         	3.780396e-02	9.809886e-03	2.498997e-02	1.424117e-02
0.56          	3.816999e-02	9.839941e-03	2.527502e-02	1.438505e-02
0.565         	3.856361e-02	9.856956e-03	2.541961e-02	1.447508e-02
0.57          	3.842137e-02	9.854239e-03	2.546667e-02	1.451231e-02
0.575         	3.781512e-02	9.828746e-03	2.536346e-02	1.448423e-02
0.58          	3.767983e-02	9.787572e-03	2.504188e-02	1.438532e-02
0.585         	3.736386e-02	9.696482e-03	2.464392e-02	1.416477e-02
0.59          	3.696579e-02	9.566618e-03	2.426077e-02	1.385296e-02
0.595         	3.610079e-02	9.438915e-03	2.381169e-02	1.346215e-02
0.6           	3.521785e-02	9.314948e-03	2.330970e-02	1.309812e-02
0.605         	3.483486e-02	9.204993e-03	2.283838e-02	1.283850e-02
0.61          	3.453215e-02	9.074581e-03	2.237475e-02	1.266988e-02
0.615         	3.413648e-02	8.909684e-03	2.200611e-02	1.255779e-02
0.62          	3.387297e-02	8.743367e-03	2.182256e-02	1.251488e-02
0.625         	3.354100e-02	8.616775e-03	2.170788e-02	1.252078e-02
0.63          	3.355917e-02	8.503131e-03	2.199336e-02	1.251236e-02
0.635         	3.370604e-02	8.434853e-03	2.222595e-02	1.246422e-02
0.64          	3.385282e-02	8.381406e-03	2.223296e-02	1.234312e-02
0.645         	3.392940e-02	8.336239e-03	2.174540e-02	1.221780e-02
0.65          	3.347735e-02	8.247441e-03	2.168797e-02	1.205928e-02
0.655         	3.348584e-02	8.124254e-03	2.128285e-02	1.189416e-02
0.66          	3.330741e-02	8.000970e-03	2.096585e-02	1.178990e-02
0.665         	3.246594e-02	7.991743e-03	2.096482e-02	1.166118e-02
0.67          	3.222627e-02	7.873351e-03	2.073130e-02	1.162262e-02
0.675         	3.218179e-02	7.749351e-03	2.071409e-02	1.154889e-02
0.68          	3.182579e-02	7.660587e-03	2.067026e-02	1.143270e-02
0.685         	3.155529e-02	7.574109e-03	2.048414e-02	1.129997e-02
0.69          	3.235360e-02	7.489298e-03	2.019954e-02	1.110876e-02
0.695         	3.183212e-02	7.417374e-03	1.964328e-02	1.091755e-02
0.7           	3.134190e-02	7.319940e-03	1.931115e-02	1.076404e-02
0.705         	3.101914e-02	7.247827e-03	1.916528e-02	1.067370e-02
0.71          	3.121897e-02	7.187855e-03	1.928806e-02	1.062632e-02
0.715         	3.053434e-02	7.174805e-03	1.902965e-02	1.063953e-02
0.72          	3.077101e-02	7.192230e-03	1.906962e-02	1.064473e-02
0.725         	3.070285e-02	7.241795e-03	1.885776e-02	1.066626e-02
0.73          	3.053901e-02	7.291215e-03	1.893649e-02	1.068496e-02
0.735         	3.060385e-02	7.317755e-03	1.910522e-02	1.067821e-02
0.74          	3.029117e-02	7.293054e-03	1.923707e-02	1.063569e-02
0.745         	2.998331e-02	7.242115e-03	1.926336e-02	1.056806e-02
0.75          	2.953261e-02	7.173612e-03	1.887918e-02	1.046735e-02
0.755         	2.870084e-02	7.072337e-03	1.852878e-02	1.036113e-02
0.76          	2.834859e-02	6.944480e-03	1.827775e-02	1.024806e-02
0.765         	2.849176e-02	6.813353e-03	1.838964e-02	1.018062e-02
0.77          	2.853800e-02	6.720238e-03	1.849557e-02	1.016306e-02
0.775         	2.841994e-02	6.665791e-03	1.851958e-02	1.018052e-02
0.78          	2.854714e-02	6.650084e-03	1.851897e-02	1.025678e-02
0.785         	2.902730e-02	6.670303e-03	1.856441e-02	1.039432e-02
0.79          	2.958157e-02	6.713400e-03	1.867654e-02	1.057750e-02
0.795         	3.014792e-02	6.757177e-03	1.883741e-02	1.075244e-02
0.8           	3.047462e-02	6.814113e-03	1.920237e-02	1.078639e-02
0.805         	3.013454e-02	6.854079e-03	1.944222e-02	1.091543e-02
0.81          	2.969392e-02	6.918125e-03	1.960640e-02	1.100705e-02
0.815         	3.004138e-02	7.101934e-03	1.967400e-02	1.089617e-02
0.82          	2.945958e-02	7.133949e-03	1.970960e-02	1.094899e-02
0.825         	2.902572e-02	7.178185e-03	1.967863e-02	1.085119e-02
0.83          	2.878190e-02	7.229472e-03	1.962530e-02	1.078737e-02
0.835         	2.867352e-02	7.264238e-03	1.957570e-02	1.088326e-02
0.84          	2.891125e-02	7.297700e-03	1.957953e-02	1.094734e-02
0.845         	2.870916e-02	7.317631e-03	1.963514e-02	1.097932e-02
0.85          	2.831097e-02	7.335318e-03	1.979629e-02	1.103565e-02
0.855         	2.741307e-02	7.357574e-03	2.003363e-02	1.113568e-02
0.86          	2.699095e-02	7.358617e-03	2.021377e-02	1.119448e-02
0.865         	2.675250e-02	7.357594e-03	2.036622e-02	1.122368e-02
0.87          	2.661546e-02	7.377345e-03	2.013495e-02	1.120764e-02
0.875         	2.633247e-02	7.385365e-03	2.014950e-02	1.116118e-02
0.88          	2.641367e-02	7.402716e-03	2.010031e-02	1.114585e-02
0.885         	2.698235e-02	7.435144e-03	1.982118e-02	1.121387e-02
0.89          	2.745775e-02	7.564690e-03	1.987175e-02	1.123684e-02
0.895         	2.790322e-02	7.676616e-03	2.003157e-02	1.128736e-02
0.9           	2.798270e-02	7.686878e-03	2.026544e-02	1.138322e-02
0.905         	2.890626e-02	7.683458e-03	2.033951e-02	1.144928e-02
0.91          	2.839891e-02	7.682656e-03	2.025838e-02	1.151985e-02
0.915         	2.950175e-02	7.684315e-03	2.014028e-02	1.156812e-02
0.92          	2.983699e-02	7.714803e-03	2.017005e-02	1.165926e-02
0.925         	2.983803e-02	7.795911e-03	2.039128e-02	1.181521e-02
0.93          	3.005237e-02	7.920275e-03	2.082019e-02	1.202900e-02
0.935         	3.082752e-02	8.073284e-03	2.130571e-02	1.228427e-02
0.94          	3.201259e-02	8.265577e-03	2.178757e-02	1.257897e-02
0.945         	3.262556e-02	8.433664e-03	2.235133e-02	1.287973e-02
0.95          	3.271356e-02	8.561345e-03	2.290018e-02	1.320073e-02
0.955         	3.240333e-02	8.656064e-03	2.341451e-02	1.356395e-02
0.96          	3.292476e-02	8.760316e-03	2.385232e-02	1.390159e-02
0.965         	3.283827e-02	8.873745e-03	2.420899e-02	1.419749e-02
0.97          	3.335898e-02	8.998418e-03	2.450358e-02	1.438519e-02
0.975         	3.334772e-02	9.153833e-03	2.473342e-02	1.455967e-02
0.98          	3.336462e-02	9.285987e-03	2.487742e-02	1.473196e-02
0.985         	3.270133e-02	9.395588e-03	2.514761e-02	1.491469e-02
0.99          	3.273514e-02	9.497700e-03	2.531872e-02	1.504313e-02
0.995         	3.056447e-02	9.526318e-03	2.523727e-02	1.509434e-02
1             	3.023249e-02	9.490070e-03	2.495540e-02	1.500429e-02
1.005         	2.861143e-02	9.411410e-03	2.471010e-02	1.484870e-02
1.01          	2.781398e-02	9.308867e-03	2.445691e-02	1.469151e-02
1.015         	2.799261e-02	9.146932e-03	2.427068e-02	1.447055e-02
1.02          	2.774144e-02	8.955273e-03	2.402276e-02	1.419330e-02
1.025         	2.762651e-02	8.753366e-03	2.364222e-02	1.386634e-02
1.03          	2.717932e-02	8.556767e-03	2.314066e-02	1.350868e-02
1.035         	2.732077e-02	8.464102e-03	2.239403e-02	1.324436e-02
1.04          	2.730711e-02	8.404953e-03	2.214662e-02	1.300059e-02
1.045         	2.722092e-02	8.377894e-03	2.200858e-02	1.285403e-02
1.05          	2.759925e-02	8.366043e-03	2.190296e-02	1.278107e-02
1.055         	2.776864e-02	8.352158e-03	2.185962e-02	1.272795e-02
1.06          	2.756232e-02	8.327426e-03	2.184461e-02	1.271710e-02
1.065         	2.756815e-02	8.299403e-03	2.191557e-02	1.272135e-02
1.07          	2.688053e-02	8.262088e-03	2.200363e-02	1.267222e-02
1.075         	2.673053e-02	8.211187e-03	2.204041e-02	1.261351e-02
1.08          	2.631811e-02	8.188532e-03	2.207177e-02	1.262517e-02
1.085         	2.627961e-02	8.209285e-03	2.211845e-02	1.273578e-02
1.09          	2.692628e-02	8.267239e-03	2.215706e-02	1.295235e-02
1.095         	2.736914e-02	8.348992e-03	2.228670e-02	1.321117e-02
1.1           	2.714722e-02	8.406047e-03	2.238850e-02	1.347047e-02
1.105         	2.719883e-02	8.448124e-03	2.252950e-02	1.365948e-02
1.11          	2.785378e-02	8.573320e-03	2.255046e-02	1.377781e-02
1.115         	2.743249e-02	8.661283e-03	2.260308e-02	1.388226e-02
1.12          	2.765819e-02	8.699712e-03	2.270524e-02	1.392350e-02
1.125         	2.778991e-02	8.681165e-03	2.279685e-02	1.394238e-02
1.13          	2.776426e-02	8.613158e-03	2.279923e-02	1.389483e-02
1.135         	2.743046e-02	8.484606e-03	2.266415e-02	1.379036e-02
1.14          	2.750416e-02	8.347220e-03	2.248000e-02	1.364399e-02
1.145         	2.664316e-02	8.241408e-03	2.235556e-02	1.352453e-02
1.15          	2.660728e-02	8.203300e-03	2.231173e-02	1.345688e-02
1.155         	2.673413e-02	8.228934e-03	2.238894e-02	1.346110e-02
1.16          	2.692840e-02	8.292875e-03	2.244787e-02	1.356622e-02
1.165         	2.726937e-02	8.359936e-03	2.250979e-02	1.367930e-02
1.17          	2.652284e-02	8.441031e-03	2.257514e-02	1.379495e-02
1.175         	2.697324e-02	8.528694e-03	2.267676e-02	1.392838e-02
1.18          	2.670955e-02	8.607048e-03	2.269401e-02	1.407937e-02
1.185         	2.593400e-02	8.730406e-03	2.268778e-02	1.423051e-02
1.19          	2.610477e-02	8.872845e-03	2.274436e-02	1.441733e-02
1.195         	2.522865e-02	9.029167e-03	2.282305e-02	1.459669e-02
1.2           	2.618039e-02	9.143585e-03	2.292026e-02	1.469771e-02
1.205         	2.632381e-02	9.246581e-03	2.318079e-02	1.476475e-02
1.21          	2.512654e-02	9.371643e-03	2.346111e-02	1.480186e-02
1.215         	2.590797e-02	9.510876e-03	2.380416e-02	1.486388e-02
1.22          	2.534191e-02	9.684368e-03	2.426271e-02	1.492043e-02
1.225         	2.468318e-02	9.867339e-03	2.469978e-02	1.503922e-02
1.23          	2.481424e-02	1.003806e-02	2.515222e-02	1.519306e-02
1.235         	2.685802e-02	1.014947e-02	2.551303e-02	1.534393e-02
1.24          	2.673599e-02	1.020167e-02	2.594146e-02	1.543946e-02
1.245         	2.687668e-02	1.023014e-02	2.634471e-02	1.547172e-02
1.25          	2.696007e-02	1.021830e-02	2.661930e-02	1.545597e-02
1.255         	2.704065e-02	1.022597e-02	2.691717e-02	1.537530e-02
1.26          	2.655937e-02	1.029593e-02	2.716195e-02	1.531302e-02
1.265         	2.700453e-02	1.037225e-02	2.740505e-02	1.532374e-02
1.27          	2.678791e-02	1.046305e-02	2.773011e-02	1.535046e-02
1.275         	2.662141e-02	1.049276e-02	2.803194e-02	1.534711e-02
1.28          	2.686872e-02	1.037416e-02	2.813856e-02	1.532875e-02
1.285         	2.642756e-02	1.021322e-02	2.814053e-02	1.524784e-02
1.29          	2.761693e-02	9.952313e-03	2.807626e-02	1.503416e-02
1.295         	2.809718e-02	9.619253e-03	2.768740e-02	1.470209e-02
1.3           	2.817368e-02	9.293218e-03	2.723314e-02	1.424996e-02
1.305         	2.802935e-02	8.996467e-03	2.669241e-02	1.384109e-02
1.31          	2.735968e-02	8.784548e-03	2.598376e-02	1.360709e-02
1.315         	2.764510e-02	8.734921e-03	2.538972e-02	1.365325e-02
1.32          	2.734737e-02	8.814890e-03	2.507088e-02	1.388058e-02
1.325         	2.727745e-02	8.895753e-03	2.485563e-02	1.412305e-02
1.33          	2.762995e-02	8.924957e-03	2.486204e-02	1.432421e-02
1.335         	2.730687e-02	8.951838e-03	2.495968e-02	1.442385e-02
1.34          	2.808408e-02	9.012400e-03	2.521220e-02	1.448056e-02
1.345         	2.785222e-02	9.092868e-03	2.559018e-02	1.448639e-02
1.35          	2.698419e-02	9.159283e-03	2.610202e-02	1.453405e-02
1.355         	2.666920e-02	9.209165e-03	2.663333e-02	1.456366e-02
1.36          	2.615255e-02	9.293919e-03	2.717153e-02	1.463258e-02
1.365         	2.647356e-02	9.397150e-03	2.754782e-02	1.459958e-02
1.37          	2.597453e-02	9.515928e-03	2.782681e-02	1.463131e-02
1.375         	2.680871e-02	9.650099e-03	2.788168e-02	1.476999e-02
1.38          	2.691712e-02	9.759184e-03	2.775516e-02	1.495971e-02
1.385         	2.636731e-02	9.932179e-03	2.772732e-02	1.521893e-02
1.39          	2.681893e-02	1.023960e-02	2.788287e-02	1.562792e-02
1.395         	2.713673e-02	1.068868e-02	2.824062e-02	1.616172e-02
1.4           	2.746595e-02	1.124806e-02	2.894212e-02	1.662842e-02
1.405         	2.848073e-02	1.191774e-02	2.990314e-02	1.715725e-02
1.41          	2.956240e-02	1.263634e-02	3.128641e-02	1.775486e-02
1.415         	3.038192e-02	1.316973e-02	3.263972e-02	1.833642e-02
1.42          	3.160229e-02	1.351753e-02	3.388641e-02	1.894169e-02
1.425         	3.205693e-02	1.365746e-02	3.480912e-02	1.944374e-02
1.43          	3.208392e-02	1.372749e-02	3.496429e-02	1.978646e-02
1.435         	3.244467e-02	1.379230e-02	3.505073e-02	2.002206e-02
1.44          	3.179685e-02	1.367011e-02	3.511203e-02	1.995902e-02
1.445         	3.156576e-02	1.348957e-02	3.536107e-02	1.968272e-02
1.45          	3.299496e-02	1.323009e-02	3.601517e-02	1.922674e-02
1.455         	3.298392e-02	1.286643e-02	3.663286e-02	1.880876e-02
1.46          	3.361759e-02	1.245218e-02	3.680520e-02	1.859708e-02
1.465         	3.371522e-02	1.204572e-02	3.623947e-02	1.849857e-02
1.47          	3.325045e-02	1.179444e-02	3.555203e-02	1.843170e-02
1.475         	3.336283e-02	1.170358e-02	3.482517e-02	1.850659e-02
1.48          	3.334066e-02	1.174301e-02	3.427207e-02	1.861596e-02
1.485         	3.272994e-02	1.189185e-02	3.383131e-02	1.884922e-02
1.49          	3.205463e-02	1.205259e-02	3.330349e-02	1.920557e-02
1.495         	3.149825e-02	1.219502e-02	3.276380e-02	1.957037e-02
1.5           	3.072037e-02	1.232924e-02	3.246130e-02	1.991527e-02
1.505         	3.203908e-02	1.248913e-02	3.243364e-02	2.028307e-02
1.51          	3.212470e-02	1.275304e-02	3.273343e-02	2.074493e-02
1.515         	3.258005e-02	1.308689e-02	3.316231e-02	2.122234e-02
1.52          	3.303283e-02	1.348852e-02	3.404205e-02	2.182927e-02
1.525         	3.453381e-02	1.401336e-02	3.528825e-02	2.256634e-02
1.53          	3.605143e-02	1.459098e-02	3.698356e-02	2.347709e-02
1.535         	3.626886e-02	1.516080e-02	3.847948e-02	2.452934e-02
1.54          	3.591157e-02	1.567729e-02	3.958707e-02	2.555606e-02
1.545         	3.580565e-02	1.606082e-02	4.033415e-02	2.657310e-02
1.55          	3.771834e-02	1.638001e-02	4.081281e-02	2.728828e-02
1.555         	3.692174e-02	1.661351e-02	4.114682e-02	2.782276e-02
1.56          	3.828194e-02	1.672430e-02	4.143235e-02	2.791315e-02
1.565         	3.881141e-02	1.679532e-02	4.137788e-02	2.796527e-02
1.57          	3.820292e-02	1.681163e-02	4.142350e-02	2.786199e-02
1.575         	3.944224e-02	1.676078e-02	4.161122e-02	2.794076e-02
1.58          	4.051192e-02	1.681014e-02	4.221359e-02	2.829091e-02
1.585         	4.149709e-02	1.697950e-02	4.298835e-02	2.867093e-02
1.59          	4.089414e-02	1.718185e-02	4.393184e-02	2.885615e-02
1.595         	3.891793e-02	1.746465e-02	4.491035e-02	2.894309e-02
1.6           	4.064571e-02	1.774947e-02	4.566892e-02	2.912882e-02
1.605         	3.988936e-02	1.795334e-02	4.639362e-02	2.934814e-02
1.61          	3.882827e-02	1.802376e-02	4.720186e-02	2.949594e-02
1.615         	3.869979e-02	1.813884e-02	4.755762e-02	2.976592e-02
1.62          	3.899336e-02	1.834982e-02	4.750927e-02	3.003828e-02
1.625         	3.901824e-02	1.864421e-02	4.706825e-02	3.029783e-02
1.63          	3.861539e-02	1.911667e-02	4.742979e-02	3.069187e-02
1.635         	4.031396e-02	1.947312e-02	4.869124e-02	3.102522e-02
1.64          	3.883280e-02	1.945625e-02	4.980244e-02	3.101928e-02
1.645         	3.888893e-02	1.924871e-02	5.035079e-02	3.079749e-02
1.65          	3.772496e-02	1.902547e-02	4.991555e-02	3.056032e-02
1.655         	3.839339e-02	1.899389e-02	4.924939e-02	3.029022e-02
1.66          	3.761288e-02	1.901983e-02	4.879110e-02	3.002474e-02
1.665         	3.765696e-02	1.903086e-02	4.834864e-02	2.989173e-02
1.67          	3.778608e-02	1.897597e-02	4.773121e-02	2.991100e-02
1.675         	3.852404e-02	1.888602e-02	4.725604e-02	3.001405e-02
1.68          	3.993277e-02	1.881227e-02	4.679702e-02	3.012544e-02
1.685         	3.998247e-02	1.883614e-02	4.648344e-02	3.003051e-02
1.69          	4.108891e-02	1.885600e-02	4.608818e-02	2.978285e-02
1.695         	4.153043e-02	1.870315e-02	4.579842e-02	2.938386e-02
1.7           	4.108938e-02	1.846455e-02	4.571221e-02	2.903650e-02
1.705         	4.210539e-02	1.834869e-02	4.604875e-02	2.896376e-02
1.71          	4.204838e-02	1.836516e-02	4.664504e-02	2.908001e-02
1.715         	4.227349e-02	1.863021e-02	4.710769e-02	2.923998e-02
1.72          	4.249419e-02	1.903412e-02	4.724132e-02	2.945635e-02
1.725         	4.242517e-02	1.939352e-02	4.725173e-02	2.972270e-02
1.73          	4.214696e-02	1.955484e-02	4.759404e-02	2.999531e-02
1.735         	4.179624e-02	1.952228e-02	4.785505e-02	3.017931e-02
1.74          	4.074206e-02	1.944008e-02	4.732647e-02	3.013374e-02
1.745         	3.948607e-02	1.927003e-02	4.652033e-02	3.007854e-02
1.75          	3.831802e-02	1.900597e-02	4.600248e-02	2.987289e-02
1.755         	3.892549e-02	1.871979e-02	4.593140e-02	2.960083e-02
1.76          	3.983783e-02	1.862346e-02	4.626795e-02	2.939810e-02
1.765         	3.896750e-02	1.875972e-02	4.662604e-02	2.925413e-02
1.77          	4.047805e-02	1.902160e-02	4.660184e-02	2.944460e-02
1.775         	4.157166e-02	1.945321e-02	4.692289e-02	2.985158e-02
1.78          	4.300164e-02	1.986063e-02	4.788806e-02	3.049660e-02
1.785         	4.507200e-02	2.010387e-02	4.911510e-02	3.122117e-02
1.79          	4.622299e-02	2.014762e-02	5.010254e-02	3.164456e-02
1.795         	4.759141e-02	2.011610e-02	5.081462e-02	3.179916e-02
1.8           	4.898606e-02	2.014970e-02	5.158852e-02	3.186935e-02
1.805         	4.954594e-02	2.037397e-02	5.212416e-02	3.197399e-02
1.81          	5.045413e-02	2.067655e-02	5.228885e-02	3.222415e-02
1.815         	5.068170e-02	2.117658e-02	5.227844e-02	3.262636e-02
1.82          	5.241328e-02	2.185447e-02	5.263818e-02	3.338225e-02
1.825         	5.243415e-02	2.239309e-02	5.337467e-02	3.419552e-02
1.83          	5.283894e-02	2.281968e-02	5.430743e-02	3.502795e-02
1.835         	5.221438e-02	2.319099e-02	5.515362e-02	3.585139e-02
1.84          	5.345176e-02	2.354690e-02	5.597100e-02	3.653937e-02
1.845         	5.149677e-02	2.392495e-02	5.665497e-02	3.687716e-02
1.85          	5.111662e-02	2.431612e-02	5.724779e-02	3.706561e-02
1.855         	4.769088e-02	2.499667e-02	5.800401e-02	3.748164e-02
1.86          	4.815336e-02	2.556109e-02	5.870890e-02	3.815163e-02
1.865         	4.819882e-02	2.603538e-02	5.939601e-02	3.903372e-02
1.87          	4.736042e-02	2.658258e-02	6.045907e-02	3.983915e-02
1.875         	5.080812e-02	2.702777e-02	6.153702e-02	4.056362e-02
1.88          	5.123781e-02	2.730263e-02	6.267499e-02	4.105061e-02
1.885         	5.024416e-02	2.744902e-02	6.390738e-02	4.118728e-02
1.89          	5.124932e-02	2.760751e-02	6.463543e-02	4.077288e-02
1.895         	5.150652e-02	2.765694e-02	6.446432e-02	3.999752e-02
1.9           	4.998025e-02	2.747792e-02	6.405940e-02	3.941044e-02
1.905         	4.921326e-02	2.745056e-02	6.354945e-02	3.945134e-02
1.91          	4.854914e-02	2.747482e-02	6.340949e-02	3.986897e-02
1.915         	4.930846e-02	2.754531e-02	6.409637e-02	4.074498e-02
1.92          	4.894427e-02	2.783902e-02	6.500778e-02	4.172875e-02
1.925         	4.872527e-02	2.832836e-02	6.597807e-02	4.238442e-02
1.93          	4.856309e-02	2.880925e-02	6.645925e-02	4.261680e-02
1.935         	4.933020e-02	2.910267e-02	6.713572e-02	4.264821e-02
1.94          	4.836674e-02	2.912277e-02	6.788195e-02	4.250922e-02
1.945         	4.882814e-02	2.909131e-02	6.846307e-02	4.227841e-02
1.95          	4.863388e-02	2.908715e-02	6.882747e-02	4.183232e-02
1.955         	5.037440e-02	2.904893e-02	6.902689e-02	4.132209e-02
1.96          	5.049122e-02	2.891932e-02	6.929496e-02	4.109832e-02
1.965         	5.279373e-02	2.865101e-02	6.941003e-02	4.088399e-02
1.97          	5.311315e-02	2.835848e-02	6.911609e-02	4.083160e-02
1.975         	5.226863e-02	2.822096e-02	6.793165e-02	4.071928e-02
1.98          	5.096499e-02	2.843936e-02	6.682935e-02	4.072172e-02
1.985         	5.295340e-02	2.879105e-02	6.591107e-02	4.043668e-02
1.99          	5.155180e-02	2.898865e-02	6.499559e-02	3.977665e-02
1.995         	5.152082e-02	2.894727e-02	6.394191e-02	3.898813e-02
2             	4.979353e-02	2.865804e-02	6.303071e-02	3.834747e-02
2.005         	4.929014e-02	2.830405e-02	6.178733e-02	3.785552e-02
2.01          	4.772950e-02	2.809163e-02	6.111723e-02	3.754653e-02
2.015         	4.756179e-02	2.809805e-02	6.104491e-02	3.740786e-02
2.02          	4.742194e-02	2.839833e-02	6.116987e-02	3.731367e-02
2.025         	4.756257e-02	2.890067e-02	6.191787e-02	3.739683e-02
2.03          	4.694331e-02	2.948696e-02	6.276957e-02	3.770318e-02
2.035         	4.807508e-02	3.016000e-02	6.358535e-02	3.799187e-02
2.04          	5.010773e-02	3.074222e-02	6.444564e-02	3.811578e-02
2.045         	5.022545e-02	3.117592e-02	6.490722e-02	3.822627e-02
2.05          	5.349007e-02	3.150673e-02	6.519808e-02	3.825974e-02
2.055         	5.754385e-02	3.192724e-02	6.534177e-02	3.846897e-02
2.06          	5.804702e-02	3.229063e-02	6.535681e-02	3.862616e-02
2.065         	5.769525e-02	3.262211e-02	6.532277e-02	3.892763e-02
2.07          	5.707757e-02	3.289523e-02	6.544886e-02	3.914621e-02
2.075         	5.981029e-02	3.317685e-02	6.618312e-02	3.943276e-02
2.08          	6.108519e-02	3.333386e-02	6.714647e-02	3.964720e-02
2.085         	5.851959e-02	3.335444e-02	6.832553e-02	3.987627e-02
2.09          	5.832826e-02	3.334929e-02	6.964182e-02	4.029239e-02
2.095         	6.120277e-02	3.337572e-02	7.078435e-02	4.076782e-02
2.1           	6.130635e-02	3.377832e-02	7.233911e-02	4.165763e-02
2.105         	6.022958e-02	3.478393e-02	7.431403e-02	4.278021e-02
2.11          	6.056262e-02	3.623625e-02	7.648422e-02	4.427112e-02
2.115         	6.187680e-02	3.789079e-02	7.941242e-02	4.589767e-02
2.12          	6.399538e-02	3.936496e-02	8.275371e-02	4.748602e-02
2.125         	6.474358e-02	4.039602e-02	8.602410e-02	4.871318e-02
2.13          	6.294588e-02	4.108400e-02	8.878814e-02	4.977513e-02
2.135         	6.437096e-02	4.150609e-02	9.012094e-02	5.068674e-02
2.14          	6.301371e-02	4.145660e-02	9.071121e-02	5.126012e-02
2.145         	6.477232e-02	4.125410e-02	9.191979e-02	5.144321e-02
2.15          	6.661124e-02	4.138962e-02	9.357671e-02	5.141798e-02
2.155         	6.327030e-02	4.236722e-02	9.552532e-02	5.147788e-02
2.16          	6.952330e-02	4.378449e-02	9.690478e-02	5.171807e-02
2.165         	6.945278e-02	4.521004e-02	9.724331e-02	5.196599e-02
2.17          	6.928360e-02	4.645322e-02	9.708882e-02	5.220360e-02
2.175         	7.024887e-02	4.752454e-02	9.635280e-02	5.190515e-02
2.18          	6.974784e-02	4.856711e-02	9.539969e-02	5.148289e-02
2.185         	7.149366e-02	4.914931e-02	9.532334e-02	5.116247e-02
2.19          	6.913400e-02	4.945666e-02	9.516901e-02	5.104489e-02
2.195         	6.917586e-02	4.934457e-02	9.471442e-02	5.117756e-02
2.2           	7.078658e-02	4.925646e-02	9.407041e-02	5.140338e-02
2.205         	6.967292e-02	4.866081e-02	9.317553e-02	5.140676e-02
2.21          	7.089735e-02	4.773414e-02	9.283736e-02	5.131129e-02
2.215         	6.856959e-02	4.628484e-02	9.298410e-02	5.118862e-02
2.22          	6.760835e-02	4.466483e-02	9.210764e-02	5.073863e-02
2.225         	6.621384e-02	4.331971e-02	9.087832e-02	5.006579e-02
2.23          	6.557642e-02	4.279373e-02	8.921593e-02	4.969145e-02
2.235         	6.474665e-02	4.277964e-02	8.812064e-02	4.919681e-02
2.24          	6.517924e-02	4.336368e-02	8.864660e-02	4.924990e-02
2.245         	6.770164e-02	4.425321e-02	8.965330e-02	4.955279e-02
2.25          	6.933104e-02	4.492354e-02	9.081912e-02	5.024012e-02
2.255         	7.064846e-02	4.551588e-02	9.237000e-02	5.108496e-02
2.26          	6.898467e-02	4.598551e-02	9.349026e-02	5.186816e-02
2.265         	6.827101e-02	4.688481e-02	9.357238e-02	5.264988e-02
2.27          	6.679687e-02	4.786825e-02	9.330985e-02	5.334430e-02
2.275         	6.850264e-02	4.894554e-02	9.310627e-02	5.385836e-02
2.28          	7.215031e-02	5.011569e-02	9.344741e-02	5.428179e-02
2.285         	6.901468e-02	5.109174e-02	9.398022e-02	5.451934e-02
2.29          	6.833791e-02	5.176200e-02	9.420270e-02	5.451929e-02
2.295         	6.624588e-02	5.227878e-02	9.382115e-02	5.460115e-02
2.3           	6.541330e-02	5.243510e-02	9.283639e-02	5.446151e-02
2.305         	6.504329e-02	5.238938e-02	9.186605e-02	5.404294e-02
2.31          	6.813547e-02	5.224485e-02	9.217752e-02	5.346476e-02
2.315         	6.833937e-02	5.209670e-02	9.340953e-02	5.289133e-02
2.32          	6.939485e-02	5.199090e-02	9.478082e-02	5.240361e-02
2.325         	7.100513e-02	5.214398e-02	9.637530e-02	5.212018e-02
2.33          	7.113400e-02	5.220054e-02	9.766290e-02	5.190866e-02
2.335         	7.128353e-02	5.192383e-02	9.837942e-02	5.215852e-02
2.34          	7.229619e-02	5.149952e-02	9.922884e-02	5.272459e-02
2.345         	7.376809e-02	5.079973e-02	1.004341e-01	5.322196e-02
2.35          	7.369378e-02	5.012418e-02	1.016591e-01	5.351611e-02
2.355         	7.304577e-02	4.970230e-02	1.027810e-01	5.346531e-02
2.36          	7.354990e-02	4.937454e-02	1.034025e-01	5.317034e-02
2.365         	7.520148e-02	4.928155e-02	1.032873e-01	5.310744e-02
2.37          	7.607019e-02	4.908214e-02	1.029529e-01	5.317528e-02
2.375         	7.563231e-02	4.880446e-02	1.019024e-01	5.287599e-02
2.38          	7.541400e-02	4.837747e-02	1.008859e-01	5.212308e-02
2.385         	7.210360e-02	4.794138e-02	9.961635e-02	5.132884e-02
2.39          	7.358831e-02	4.765070e-02	9.822080e-02	5.080164e-02
2.395         	7.431433e-02	4.754187e-02	9.673917e-02	5.043230e-02
2.4           	7.481640e-02	4.762377e-02	9.536988e-02	5.004110e-02
2.405         	7.535759e-02	4.786121e-02	9.375808e-02	4.972834e-02
2.41          	7.481381e-02	4.802584e-02	9.240896e-02	4.928686e-02
2.415         	7.455808e-02	4.810461e-02	9.141276e-02	4.900370e-02
2.42          	7.373059e-02	4.822008e-02	9.127527e-02	4.885035e-02
2.425         	7.314491e-02	4.834300e-02	9.175303e-02	4.895244e-02
2.43          	7.311307e-02	4.862537e-02	9.301709e-02	4.939331e-02
2.435         	7.396248e-02	4.919418e-02	9.458274e-02	4.998023e-02
2.44          	7.184770e-02	4.987637e-02	9.578386e-02	5.079593e-02
2.445         	7.742166e-02	5.061949e-02	9.661028e-02	5.154287e-02
2.45          	7.804421e-02	5.109608e-02	9.714017e-02	5.226749e-02
2.455         	7.952220e-02	5.119955e-02	9.770152e-02	5.281101e-02
2.46          	7.849857e-02	5.126743e-02	9.830699e-02	5.333754e-02
2.465         	7.920386e-02	5.134531e-02	9.898226e-02	5.379666e-02
2.47          	8.127309e-02	5.161577e-02	9.955032e-02	5.438447e-02
2.475         	8.097545e-02	5.190765e-02	9.996833e-02	5.501445e-02
2.48          	7.889717e-02	5.232337e-02	1.011687e-01	5.571926e-02
2.485         	8.032976e-02	5.307135e-02	1.025600e-01	5.633525e-02
2.49          	8.164538e-02	5.415260e-02	1.038765e-01	5.708304e-02
2.495         	8.042766e-02	5.542990e-02	1.053000e-01	5.784046e-02
2.5           	7.741284e-02	5.662395e-02	1.066775e-01	5.873819e-02
2.505         	7.358431e-02	5.743511e-02	1.077733e-01	5.979218e-02
2.51          	7.314015e-02	5.811055e-02	1.092500e-01	6.116602e-02
2.515         	7.495063e-02	5.919520e-02	1.118424e-01	6.257456e-02
2.52          	7.494484e-02	6.068934e-02	1.147569e-01	6.400038e-02
2.525         	7.562238e-02	6.234677e-02	1.167456e-01	6.531533e-02
2.53          	7.805775e-02	6.421403e-02	1.177778e-01	6.611404e-02
2.535         	7.771833e-02	6.592200e-02	1.183119e-01	6.676135e-02
2.54          	7.609882e-02	6.696546e-02	1.180411e-01	6.696838e-02
2.545         	7.405155e-02	6.761742e-02	1.173017e-01	6.720357e-02
2.55          	7.544142e-02	6.824136e-02	1.167625e-01	6.741396e-02
2.555         	7.447770e-02	6.859992e-02	1.182339e-01	6.720896e-02
2.56          	7.698169e-02	6.866066e-02	1.202286e-01	6.729209e-02
2.565         	7.565746e-02	6.873834e-02	1.215214e-01	6.783830e-02
2.57          	7.484499e-02	6.877493e-02	1.221976e-01	6.809062e-02
2.575         	7.803592e-02	6.873540e-02	1.216623e-01	6.773911e-02
2.58          	7.846188e-02	6.800308e-02	1.200134e-01	6.691265e-02
2.585         	7.832122e-02	6.705288e-02	1.180052e-01	6.587497e-02
2.59          	7.793522e-02	6.600468e-02	1.160446e-01	6.465260e-02
2.595         	7.935936e-02	6.458658e-02	1.145842e-01	6.336424e-02
2.6           	8.078267e-02	6.293758e-02	1.133166e-01	6.151630e-02
2.605         	8.190900e-02	6.100607e-02	1.119267e-01	5.996101e-02
2.61          	8.264789e-02	5.863209e-02	1.115143e-01	5.765347e-02
2.615         	8.668730e-02	5.759210e-02	1.102872e-01	5.561008e-02
2.62          	8.788227e-02	5.584501e-02	1.091256e-01	5.409948e-02
2.625         	8.750717e-02	5.535497e-02	1.070896e-01	5.274435e-02
2.63          	8.951814e-02	5.480258e-02	1.045502e-01	5.231695e-02
2.635         	9.317873e-02	5.424208e-02	1.023495e-01	5.187901e-02
2.64          	9.245554e-02	5.318603e-02	1.012430e-01	5.119957e-02
2.645         	9.137192e-02	5.278978e-02	9.868292e-02	5.087612e-02
2.65          	9.034233e-02	5.263686e-02	9.678119e-02	5.054594e-02
2.655         	8.968310e-02	5.260316e-02	9.600433e-02	5.022493e-02
2.66          	8.469405e-02	5.245961e-02	9.539953e-02	5.007355e-02
2.665         	8.238603e-02	5.206895e-02	9.441666e-02	4.991750e-02
2.67          	8.412284e-02	5.143103e-02	9.278598e-02	4.967270e-02
2.675         	8.270066e-02	5.071679e-02	9.079077e-02	4.922619e-02
2.68          	8.180799e-02	5.019352e-02	8.878734e-02	4.864311e-02
2.685         	7.844839e-02	4.975790e-02	8.705162e-02	4.803701e-02
2.69          	7.803158e-02	4.945769e-02	8.547260e-02	4.760575e-02
2.695         	7.806949e-02	4.913148e-02	8.460693e-02	4.720047e-02
2.7           	7.658483e-02	4.864735e-02	8.497260e-02	4.693671e-02
2.705         	7.787072e-02	4.807366e-02	8.639356e-02	4.678681e-02
2.71          	7.814011e-02	4.763227e-02	8.831825e-02	4.667758e-02
2.715         	8.110283e-02	4.733129e-02	9.023104e-02	4.674697e-02
2.72          	8.299008e-02	4.786899e-02	9.134107e-02	4.680564e-02
2.725         	8.397861e-02	4.838469e-02	9.236995e-02	4.708119e-02
2.73          	8.442835e-02	4.884843e-02	9.433477e-02	4.747012e-02
2.735         	8.626011e-02	4.960784e-02	9.603904e-02	4.808967e-02
2.74          	8.680956e-02	5.066623e-02	9.780379e-02	4.900212e-02
2.745         	8.774143e-02	5.192128e-02	9.960093e-02	5.027539e-02
2.75          	8.636237e-02	5.308017e-02	1.011964e-01	5.151083e-02
2.755         	8.599348e-02	5.397265e-02	1.020692e-01	5.265951e-02
2.76          	8.247047e-02	5.477077e-02	1.025795e-01	5.367244e-02
2.765         	8.385247e-02	5.532100e-02	1.025775e-01	5.519406e-02
2.77          	8.239161e-02	5.617012e-02	1.028007e-01	5.661701e-02
2.775         	8.183559e-02	5.728391e-02	1.032912e-01	5.778851e-02
2.78          	8.212653e-02	5.856076e-02	1.037807e-01	5.879550e-02
2.785         	8.249893e-02	5.969745e-02	1.041139e-01	5.959662e-02
2.79          	8.444671e-02	6.075960e-02	1.047426e-01	6.017207e-02
2.795         	8.260696e-02	6.155224e-02	1.052534e-01	6.062620e-02
2.8           	8.445122e-02	6.209235e-02	1.052732e-01	6.094236e-02
2.805         	8.595879e-02	6.270004e-02	1.054738e-01	6.134168e-02
2.81          	8.691243e-02	6.340843e-02	1.059302e-01	6.170213e-02
2.815         	8.768776e-02	6.442519e-02	1.060565e-01	6.215539e-02
2.82          	8.806361e-02	6.554919e-02	1.059759e-01	6.263761e-02
2.825         	9.020643e-02	6.685188e-02	1.060278e-01	6.328503e-02
2.83          	9.426249e-02	6.780267e-02	1.059369e-01	6.406783e-02
2.835         	9.426469e-02	6.860965e-02	1.063358e-01	6.453126e-02
2.84          	9.499802e-02	6.916799e-02	1.074189e-01	6.471264e-02
2.845         	9.707465e-02	6.983200e-02	1.090512e-01	6.515444e-02
2.85          	9.840813e-02	7.103820e-02	1.111563e-01	6.583353e-02
2.855         	1.006205e-01	7.262651e-02	1.134825e-01	6.674557e-02
2.86          	1.015975e-01	7.429573e-02	1.158664e-01	6.768488e-02
2.865         	1.036669e-01	7.627859e-02	1.184799e-01	6.873513e-02
2.87          	1.042498e-01	7.824081e-02	1.209225e-01	6.984087e-02
2.875         	1.061099e-01	7.977483e-02	1.229478e-01	7.079688e-02
2.88          	1.065822e-01	8.073183e-02	1.242520e-01	7.139913e-02
2.885         	1.067078e-01	8.101023e-02	1.253306e-01	7.158425e-02
2.89          	1.056959e-01	8.086394e-02	1.263146e-01	7.132485e-02
2.895         	1.044673e-01	8.061303e-02	1.266468e-01	7.077587e-02
2.9           	1.024053e-01	8.019650e-02	1.261993e-01	7.016298e-02
2.905         	9.991922e-02	7.978826e-02	1.251547e-01	6.958850e-02
2.91          	9.841268e-02	7.939588e-02	1.247394e-01	6.911282e-02
2.915         	9.629900e-02	7.912723e-02	1.244838e-01	6.883634e-02
2.92          	9.450599e-02	7.908058e-02	1.240925e-01	6.852892e-02
2.925         	9.554057e-02	7.870044e-02	1.246456e-01	6.850927e-02
2.93          	9.573992e-02	7.809037e-02	1.254985e-01	6.855218e-02
2.935         	9.615412e-02	7.755414e-02	1.262151e-01	6.841567e-02
2.94          	9.595804e-02	7.712390e-02	1.266639e-01	6.830041e-02
2.945         	9.471531e-02	7.685215e-02	1.266539e-01	6.825996e-02
2.95          	9.514651e-02	7.626264e-02	1.260200e-01	6.795797e-02
2.955         	9.379903e-02	7.536474e-02	1.248377e-01	6.771326e-02
2.96          	9.359225e-02	7.452670e-02	1.241014e-01	6.761593e-02
2.965         	9.448629e-02	7.371320e-02	1.237621e-01	6.751178e-02
2.97          	9.582134e-02	7.294785e-02	1.231730e-01	6.751210e-02
2.975         	9.614426e-02	7.227285e-02	1.220240e-01	6.769196e-02
2.98          	9.795213e-02	7.176147e-02	1.210522e-01	6.793799e-02
2.985         	9.919560e-02	7.145846e-02	1.206013e-01	6.792448e-02
2.99          	1.002381e-01	7.170562e-02	1.197651e-01	6.748684e-02
2.995         	1.007029e-01	7.217795e-02	1.188099e-01	6.686520e-02
3             	1.003336e-01	7.244065e-02	1.175407e-01	6.618179e-02
3.005         	9.873507e-02	7.265780e-02	1.167740e-01	6.474892e-02
3.01          	9.571578e-02	7.219733e-02	1.159612e-01	6.396587e-02
3.015         	9.432496e-02	7.147232e-02	1.147211e-01	6.344265e-02
3.02          	9.049531e-02	7.068014e-02	1.118673e-01	6.304294e-02
3.025         	9.116655e-02	6.965189e-02	1.105990e-01	6.261330e-02
3.03          	8.683653e-02	6.903564e-02	1.075057e-01	6.237929e-02
3.035         	8.805084e-02	6.855194e-02	1.052545e-01	6.209368e-02
3.04          	8.969915e-02	6.806025e-02	1.042225e-01	6.191169e-02
3.045         	8.860530e-02	6.779897e-02	1.045814e-01	6.198116e-02
3.05          	8.712363e-02	6.764295e-02	1.051968e-01	6.214724e-02
3.055         	8.743243e-02	6.834950e-02	1.043009e-01	6.267232e-02
3.06          	8.791985e-02	6.919335e-02	1.045458e-01	6.312612e-02
3.065         	8.815790e-02	6.992439e-02	1.055322e-01	6.351393e-02
3.07          	9.202084e-02	7.019558e-02	1.072519e-01	6.366449e-02
3.075         	9.424692e-02	7.008964e-02	1.083065e-01	6.464489e-02
3.08          	9.501949e-02	6.944921e-02	1.086684e-01	6.514849e-02
3.085         	9.721277e-02	6.839275e-02	1.105289e-01	6.523111e-02
3.09          	9.785603e-02	6.769472e-02	1.129503e-01	6.447519e-02
3.095         	9.628751e-02	6.716693e-02	1.147001e-01	6.395674e-02
3.1           	9.758667e-02	6.653296e-02	1.148390e-01	6.431085e-02
3.105         	9.912423e-02	6.629028e-02	1.143313e-01	6.451696e-02
3.11          	9.812246e-02	6.637453e-02	1.136943e-01	6.481903e-02
3.115         	9.384413e-02	6.675032e-02	1.136806e-01	6.506312e-02
3.12          	9.395253e-02	6.713607e-02	1.139644e-01	6.531641e-02
3.125         	9.182857e-02	6.748812e-02	1.130816e-01	6.564707e-02
3.13          	9.270877e-02	6.726913e-02	1.142071e-01	6.574432e-02
3.135         	9.223478e-02	6.676776e-02	1.155464e-01	6.593446e-02
3.14          	9.017657e-02	6.616472e-02	1.167857e-01	6.617235e-02
3.145         	9.179638e-02	6.586312e-02	1.174663e-01	6.614660e-02
3.15          	9.097460e-02	6.571117e-02	1.176449e-01	6.568755e-02
3.155         	9.164300e-02	6.568159e-02	1.172240e-01	6.487395e-02
3.16          	8.847919e-02	6.556369e-02	1.171441e-01	6.403809e-02
3.165         	9.016725e-02	6.587826e-02	1.173921e-01	6.328913e-02
3.17          	9.036288e-02	6.650334e-02	1.179292e-01	6.255255e-02
3.175         	8.968278e-02	6.731943e-02	1.160484e-01	6.249997e-02
3.18          	8.984841e-02	6.779446e-02	1.159018e-01	6.244818e-02
3.185         	9.343656e-02	6.813166e-02	1.157469e-01	6.242008e-02
3.19          	9.436217e-02	6.860083e-02	1.159463e-01	6.214555e-02
3.195         	9.625825e-02	6.950810e-02	1.165464e-01	6.205891e-02
3.2           	9.780459e-02	7.041546e-02	1.175589e-01	6.215185e-02
3.205         	9.635164e-02	7.142679e-02	1.191859e-01	6.219543e-02
3.21          	9.664807e-02	7.203175e-02	1.210418e-01	6.226121e-02
3.215         	9.791372e-02	7.205031e-02	1.226501e-01	6.228237e-02
3.22          	9.778374e-02	7.178342e-02	1.235462e-01	6.197553e-02
3.225         	9.582906e-02	7.143593e-02	1.233511e-01	6.144535e-02
3.23          	9.399658e-02	7.096946e-02	1.229937e-01	6.101970e-02
3.235         	9.340782e-02	7.063551e-02	1.230266e-01	6.089439e-02
3.24          	9.413813e-02	7.056938e-02	1.232670e-01	6.103585e-02
3.245         	9.526538e-02	7.079362e-02	1.236055e-01	6.128815e-02
3.25          	9.774672e-02	7.070990e-02	1.233766e-01	6.165778e-02
3.255         	9.609185e-02	7.059966e-02	1.231373e-01	6.218572e-02
3.26          	9.375475e-02	7.068247e-02	1.230729e-01	6.272109e-02
3.265         	9.249759e-02	7.094921e-02	1.234854e-01	6.347253e-02
3.27          	9.078463e-02	7.122015e-02	1.239706e-01	6.437663e-02
3.275         	8.873269e-02	7.154518e-02	1.239657e-01	6.505653e-02
3.28          	8.867529e-02	7.141648e-02	1.230658e-01	6.524201e-02
3.285         	8.566260e-02	7.107347e-02	1.215236e-01	6.503305e-02
3.29          	8.411447e-02	7.040662e-02	1.200080e-01	6.443672e-02
3.295         	8.360994e-02	6.980158e-02	1.194099e-01	6.364951e-02
3.3           	8.426271e-02	6.921212e-02	1.186978e-01	6.301601e-02
3.305         	8.087124e-02	6.922558e-02	1.177908e-01	6.271608e-02
3.31          	8.227086e-02	6.926404e-02	1.172707e-01	6.273201e-02
3.315         	8.157581e-02	6.898840e-02	1.171001e-01	6.300623e-02
3.32          	8.105153e-02	6.858416e-02	1.176841e-01	6.270628e-02
3.325         	8.196138e-02	6.827755e-02	1.183510e-01	6.263430e-02
3.33          	8.397096e-02	6.792996e-02	1.188990e-01	6.244258e-02
3.335         	8.503690e-02	6.777418e-02	1.193451e-01	6.223239e-02
3.34          	8.741345e-02	6.795981e-02	1.183498e-01	6.204426e-02
3.345         	8.816704e-02	6.809343e-02	1.188576e-01	6.183913e-02
3.35          	9.033877e-02	6.856151e-02	1.186136e-01	6.256276e-02
3.355         	9.363323e-02	6.973060e-02	1.184281e-01	6.311632e-02
3.36          	9.479431e-02	7.130523e-02	1.183818e-01	6.353482e-02
3.365         	9.635304e-02	7.268933e-02	1.183355e-01	6.408026e-02
3.37          	9.646891e-02	7.392331e-02	1.186559e-01	6.482939e-02
3.375         	9.611382e-02	7.483500e-02	1.182601e-01	6.558417e-02
3.38          	9.315546e-02	7.526900e-02	1.174921e-01	6.607513e-02
3.385         	9.398282e-02	7.526523e-02	1.167456e-01	6.631623e-02
3.39          	9.596817e-02	7.509743e-02	1.161546e-01	6.629347e-02
3.395         	9.753587e-02	7.456851e-02	1.159238e-01	6.632452e-02
3.4           	9.732146e-02	7.381382e-02	1.163576e-01	6.640413e-02
3.405         	9.627216e-02	7.305350e-02	1.167916e-01	6.658933e-02
3.41          	9.753701e-02	7.251087e-02	1.172824e-01	6.673899e-02
3.415         	1.001343e-01	7.242688e-02	1.181334e-01	6.713048e-02
3.42          	1.008503e-01	7.249304e-02	1.193621e-01	6.768228e-02
3.425         	1.016036e-01	7.316959e-02	1.209967e-01	6.858153e-02
3.43          	9.998376e-02	7.419574e-02	1.226766e-01	6.964211e-02
3.435         	1.024389e-01	7.525845e-02	1.244730e-01	7.051948e-02
3.44          	1.018319e-01	7.567414e-02	1.254314e-01	7.082590e-02
3.445         	1.007131e-01	7.538609e-02	1.254403e-01	7.069458e-02
3.45          	1.001447e-01	7.478899e-02	1.242186e-01	7.029935e-02
3.455         	9.686801e-02	7.414198e-02	1.224412e-01	6.987745e-02
3.46          	9.415919e-02	7.372881e-02	1.202452e-01	6.904511e-02
3.465         	9.012255e-02	7.363428e-02	1.176883e-01	6.799449e-02
3.47          	9.017565e-02	7.347207e-02	1.156888e-01	6.702500e-02
3.475         	8.931042e-02	7.346160e-02	1.147349e-01	6.661463e-02
3.48          	8.536155e-02	7.357223e-02	1.147412e-01	6.643154e-02
3.485         	8.594780e-02	7.385539e-02	1.155610e-01	6.631934e-02
3.49          	8.651041e-02	7.406750e-02	1.164324e-01	6.611183e-02
3.495         	8.529796e-02	7.419253e-02	1.173764e-01	6.564539e-02
3.5           	8.179181e-02	7.440471e-02	1.178620e-01	6.486761e-02
3.505         	8.160836e-02	7.454387e-02	1.177227e-01	6.389810e-02
3.51          	8.115448e-02	7.448135e-02	1.176750e-01	6.305241e-02
3.515         	8.179082e-02	7.411518e-02	1.179471e-01	6.276651e-02
3.52          	8.328050e-02	7.353416e-02	1.184460e-01	6.265767e-02
3.525         	8.545698e-02	7.293886e-02	1.189071e-01	6.263922e-02
3.53          	8.698775e-02	7.221334e-02	1.187582e-01	6.293115e-02
3.535         	8.775901e-02	7.145602e-02	1.176887e-01	6.340263e-02
3.54          	8.822403e-02	7.054902e-02	1.160061e-01	6.363036e-02
3.545         	8.752307e-02	6.961662e-02	1.146768e-01	6.365798e-02
3.55          	8.527026e-02	6.836091e-02	1.135633e-01	6.323818e-02
3.555         	8.323171e-02	6.698582e-02	1.125626e-01	6.279045e-02
3.56          	8.661961e-02	6.549368e-02	1.118314e-01	6.233605e-02
3.565         	8.682976e-02	6.414035e-02	1.108057e-01	6.187510e-02
3.57          	8.499637e-02	6.273556e-02	1.085097e-01	6.131076e-02
3.575         	8.368420e-02	6.137468e-02	1.055720e-01	6.046544e-02
3.58          	8.189057e-02	6.034456e-02	1.029753e-01	5.970902e-02
3.585         	8.369619e-02	5.973794e-02	1.012043e-01	5.927008e-02
3.59          	8.266205e-02	5.939067e-02	1.004323e-01	5.911170e-02
3.595         	8.408665e-02	5.954605e-02	1.006983e-01	5.924054e-02
3.6           	8.502130e-02	5.981616e-02	1.013467e-01	5.939616e-02
3.605         	8.518812e-02	6.064232e-02	1.020372e-01	5.959415e-02
3.61          	8.458635e-02	6.185531e-02	1.030350e-01	5.907971e-02
3.615         	8.281052e-02	6.301267e-02	1.041248e-01	5.903492e-02
3.62          	7.964514e-02	6.397434e-02	1.047581e-01	6.014137e-02
3.625         	8.066691e-02	6.498103e-02	1.062346e-01	6.155875e-02
3.63          	8.021169e-02	6.625845e-02	1.082150e-01	6.271646e-02
3.635         	7.940121e-02	6.752286e-02	1.097503e-01	6.397665e-02
3.64          	7.942697e-02	6.893591e-02	1.109277e-01	6.524204e-02
3.645         	8.286015e-02	6.989670e-02	1.116490e-01	6.597538e-02
3.65          	8.137622e-02	6.984598e-02	1.117234e-01	6.577347e-02
3.655         	8.281512e-02	6.938349e-02	1.115391e-01	6.525049e-02
3.66          	8.491849e-02	6.886259e-02	1.110802e-01	6.477715e-02
3.665         	8.495490e-02	6.846388e-02	1.104434e-01	6.416704e-02
3.67          	8.163643e-02	6.820684e-02	1.098033e-01	6.363696e-02
3.675         	8.059028e-02	6.778698e-02	1.097031e-01	6.209293e-02
3.68          	8.274064e-02	6.699832e-02	1.091885e-01	6.061192e-02
3.685         	8.411590e-02	6.577144e-02	1.080810e-01	5.899453e-02
3.69          	8.357271e-02	6.436615e-02	1.064825e-01	5.744070e-02
3.695         	8.092529e-02	6.295096e-02	1.046447e-01	5.606169e-02
3.7           	8.058819e-02	6.176649e-02	1.018041e-01	5.568279e-02
3.705         	8.424122e-02	6.073173e-02	1.005670e-01	5.515089e-02
3.71          	8.363860e-02	6.024926e-02	1.022839e-01	5.363772e-02
3.715         	8.339068e-02	5.993255e-02	1.032062e-01	5.331413e-02
3.72          	8.356782e-02	5.992301e-02	1.036449e-01	5.287626e-02
3.725         	8.465601e-02	5.983233e-02	1.036838e-01	5.254656e-02
3.73          	8.580171e-02	5.974273e-02	1.036159e-01	5.206950e-02
3.735         	8.477408e-02	5.959438e-02	1.023693e-01	5.175619e-02
3.74          	8.489867e-02	5.932405e-02	1.013318e-01	5.114784e-02
3.745         	8.539509e-02	5.887493e-02	1.008609e-01	5.059102e-02
3.75          	8.290991e-02	5.821997e-02	1.022185e-01	4.998323e-02
3.755         	8.225904e-02	5.782121e-02	1.030364e-01	4.961578e-02
3.76          	8.062598e-02	5.757232e-02	1.030377e-01	4.940660e-02
3.765         	8.100522e-02	5.767323e-02	1.024653e-01	4.877034e-02
3.77          	8.160315e-02	5.787749e-02	1.012421e-01	4.835900e-02
3.775         	8.086382e-02	5.803316e-02	9.987078e-02	4.822669e-02
3.78          	8.393602e-02	5.825019e-02	9.899717e-02	4.836507e-02
3.785         	8.431375e-02	5.852719e-02	9.855672e-02	4.859422e-02
3.79          	8.519291e-02	5.843755e-02	9.805683e-02	4.887268e-02
3.795         	8.280513e-02	5.798767e-02	9.741848e-02	4.972268e-02
3.8           	8.379138e-02	5.784795e-02	9.725464e-02	5.049733e-02
3.805         	8.401520e-02	5.815113e-02	9.796106e-02	5.136627e-02
3.81          	8.349770e-02	5.885163e-02	9.972693e-02	5.218286e-02
3.815         	8.004971e-02	5.984720e-02	1.015483e-01	5.296692e-02
3.82          	8.039287e-02	6.093854e-02	1.032647e-01	5.367106e-02
3.825         	7.908484e-02	6.196952e-02	1.046006e-01	5.426528e-02
3.83          	8.144258e-02	6.309198e-02	1.053439e-01	5.473088e-02
3.835         	7.852665e-02	6.430872e-02	1.053661e-01	5.504311e-02
3.84          	7.699375e-02	6.521738e-02	1.047426e-01	5.537623e-02
3.845         	7.676494e-02	6.571537e-02	1.039129e-01	5.567594e-02
3.85          	7.246797e-02	6.567989e-02	1.035936e-01	5.579576e-02
3.855         	7.371761e-02	6.561405e-02	1.035804e-01	5.551946e-02
3.86          	7.673386e-02	6.520577e-02	1.033296e-01	5.496920e-02
3.865         	7.573557e-02	6.460793e-02	1.030697e-01	5.424392e-02
3.87          	7.752573e-02	6.392899e-02	1.025425e-01	5.349305e-02
3.875         	7.707102e-02	6.334798e-02	1.017991e-01	5.268137e-02
3.88          	7.738233e-02	6.258251e-02	1.004447e-01	5.164786e-02
3.885         	7.654556e-02	6.157230e-02	9.932838e-02	5.045689e-02
3.89          	7.436885e-02	6.052563e-02	9.828573e-02	4.914693e-02
3.895         	7.462028e-02	5.970882e-02	9.795389e-02	4.812209e-02
3.9           	7.280452e-02	5.904005e-02	9.805774e-02	4.737640e-02
3.905         	7.734896e-02	5.833427e-02	9.840124e-02	4.684950e-02
3.91          	7.875521e-02	5.768205e-02	9.867098e-02	4.656486e-02
3.915         	8.368317e-02	5.727226e-02	9.875923e-02	4.653153e-02
3.92          	8.440434e-02	5.705385e-02	9.905601e-02	4.661373e-02
3.925         	8.785349e-02	5.724674e-02	9.920935e-02	4.699928e-02
3.93          	8.880099e-02	5.753227e-02	9.901331e-02	4.765303e-02
3.935         	9.072908e-02	5.793281e-02	9.887577e-02	4.845756e-02
3.94          	9.114137e-02	5.872343e-02	9.879729e-02	4.931894e-02
3.945         	9.329298e-02	5.953585e-02	9.980889e-02	4.991216e-02
3.95          	9.496198e-02	6.013730e-02	1.008168e-01	5.045990e-02
3.955         	9.677587e-02	6.055462e-02	1.008353e-01	5.097602e-02
3.96          	9.312821e-02	6.124102e-02	9.990181e-02	5.093532e-02
3.965         	9.099930e-02	6.160965e-02	9.786694e-02	5.075144e-02
3.97          	8.981185e-02	6.162216e-02	9.579375e-02	5.101483e-02
3.975         	8.547429e-02	6.182072e-02	9.402407e-02	5.016255e-02
3.98          	8.589226e-02	6.178072e-02	9.214456e-02	5.002530e-02
3.985         	8.623588e-02	6.144717e-02	9.094522e-02	4.909424e-02
3.99          	8.674757e-02	6.090355e-02	9.019770e-02	4.853532e-02
3.995         	8.690865e-02	6.028633e-02	8.978059e-02	4.815753e-02
4             	8.601400e-02	5.965814e-02	8.959531e-02	4.788862e-02
4.005         	8.707554e-02	5.897221e-02	8.955898e-02	4.773485e-02
4.01          	8.485859e-02	5.848946e-02	8.943499e-02	4.784778e-02
4.015         	8.636751e-02	5.822165e-02	8.918351e-02	4.818153e-02
4.02          	8.674378e-02	5.819059e-02	8.927611e-02	4.876276e-02
4.025         	8.824815e-02	5.838294e-02	8.994625e-02	4.948044e-02
4.03          	9.077655e-02	5.896957e-02	9.119616e-02	5.015631e-02
4.035         	8.861614e-02	5.946644e-02	9.412313e-02	5.069385e-02
4.04          	9.361790e-02	6.019949e-02	9.677693e-02	5.126403e-02
4.045         	9.345037e-02	6.086060e-02	9.866193e-02	5.197946e-02
4.05          	9.558157e-02	6.136671e-02	1.003571e-01	5.270175e-02
4.055         	9.708494e-02	6.170970e-02	1.019585e-01	5.327681e-02
4.06          	9.714535e-02	6.239801e-02	1.030212e-01	5.406509e-02
4.065         	9.823348e-02	6.336731e-02	1.038716e-01	5.562147e-02
4.07          	1.003969e-01	6.455467e-02	1.055979e-01	5.691242e-02
4.075         	1.003884e-01	6.591834e-02	1.091236e-01	5.739200e-02
4.08          	1.035662e-01	6.682280e-02	1.117746e-01	5.895712e-02
4.085         	1.047624e-01	6.744054e-02	1.140424e-01	6.049550e-02
4.09          	1.036339e-01	6.789701e-02	1.154751e-01	6.183278e-02
4.095         	1.040044e-01	6.828276e-02	1.164148e-01	6.303413e-02
4.1           	1.027825e-01	6.865717e-02	1.164240e-01	6.392606e-02
4.105         	1.011397e-01	6.931031e-02	1.162035e-01	6.480463e-02
4.11          	1.014497e-01	7.002129e-02	1.170078e-01	6.575418e-02
4.115         	1.010382e-01	7.124296e-02	1.188019e-01	6.698554e-02
4.12          	1.033764e-01	7.260491e-02	1.210033e-01	6.842503e-02
4.125         	1.024418e-01	7.387331e-02	1.237577e-01	7.003521e-02
4.13          	1.049924e-01	7.503500e-02	1.267012e-01	7.174541e-02
4.135         	1.037269e-01	7.603238e-02	1.296985e-01	7.320475e-02
4.14          	1.047675e-01	7.670100e-02	1.320026e-01	7.431458e-02
4.145         	1.048389e-01	7.753609e-02	1.335191e-01	7.533829e-02
4.15          	1.049467e-01	7.845856e-02	1.342483e-01	7.607571e-02
4.155         	1.055683e-01	7.907947e-02	1.339243e-01	7.655085e-02
4.16          	1.034136e-01	7.927609e-02	1.328179e-01	7.677405e-02
4.165         	1.036810e-01	7.874106e-02	1.310434e-01	7.669145e-02
4.17          	1.033262e-01	7.785933e-02	1.288564e-01	7.604172e-02
4.175         	1.015719e-01	7.696287e-02	1.269390e-01	7.481186e-02
4.18          	1.026370e-01	7.605931e-02	1.256324e-01	7.352573e-02
4.185         	1.003638e-01	7.534173e-02	1.239046e-01	7.106033e-02
4.19          	1.003894e-01	7.444876e-02	1.218345e-01	6.882386e-02
4.195         	9.786343e-02	7.384729e-02	1.197452e-01	6.687752e-02
4.2           	9.909961e-02	7.371459e-02	1.180472e-01	6.542091e-02
4.205         	1.015825e-01	7.406681e-02	1.171304e-01	6.458533e-02
4.21          	1.003375e-01	7.443275e-02	1.164983e-01	6.411722e-02
4.215         	9.870557e-02	7.445352e-02	1.163416e-01	6.396865e-02
4.22          	9.877806e-02	7.402308e-02	1.164368e-01	6.390865e-02
4.225         	1.036406e-01	7.329581e-02	1.165413e-01	6.377815e-02
4.23          	1.051683e-01	7.253950e-02	1.167510e-01	6.379821e-02
4.235         	1.081419e-01	7.227419e-02	1.175806e-01	6.393672e-02
4.24          	1.100214e-01	7.239065e-02	1.183951e-01	6.413641e-02
4.245         	1.121992e-01	7.291217e-02	1.184931e-01	6.424358e-02
4.25          	1.117365e-01	7.332577e-02	1.177251e-01	6.420241e-02
4.255         	1.111655e-01	7.345887e-02	1.164476e-01	6.415440e-02
4.26          	1.074365e-01	7.371292e-02	1.155113e-01	6.400311e-02
4.265         	1.019307e-01	7.393192e-02	1.148413e-01	6.400713e-02
4.27          	9.478071e-02	7.402107e-02	1.149564e-01	6.390046e-02
4.275         	9.170317e-02	7.369313e-02	1.149219e-01	6.431309e-02
4.28          	8.922271e-02	7.346938e-02	1.159531e-01	6.437271e-02
4.285         	8.685358e-02	7.343603e-02	1.174682e-01	6.425260e-02
4.29          	8.774533e-02	7.321900e-02	1.199536e-01	6.396181e-02
4.295         	8.832301e-02	7.333867e-02	1.205228e-01	6.392232e-02
4.3           	8.778823e-02	7.337065e-02	1.210920e-01	6.357115e-02
4.305         	8.815818e-02	7.283500e-02	1.223297e-01	6.268403e-02
4.31          	8.701002e-02	7.184886e-02	1.226803e-01	6.177313e-02
4.315         	8.647880e-02	7.019757e-02	1.226410e-01	6.114496e-02
4.32          	8.662083e-02	6.853434e-02	1.226554e-01	6.067476e-02
4.325         	8.587485e-02	6.761955e-02	1.220251e-01	6.028151e-02
4.33          	8.874281e-02	6.736856e-02	1.208974e-01	6.032073e-02
4.335         	9.247651e-02	6.752316e-02	1.199782e-01	6.046806e-02
4.34          	9.387515e-02	6.795935e-02	1.196614e-01	6.100282e-02
4.345         	9.598601e-02	6.882111e-02	1.194549e-01	6.176333e-02
4.35          	9.621186e-02	7.010241e-02	1.185018e-01	6.245060e-02
4.355         	9.815768e-02	7.125635e-02	1.168268e-01	6.288867e-02
4.36          	9.977305e-02	7.177387e-02	1.149533e-01	6.315978e-02
4.365         	9.840201e-02	7.194190e-02	1.132276e-01	6.353606e-02
4.37          	1.012719e-01	7.219050e-02	1.123061e-01	6.409676e-02
4.375         	1.024773e-01	7.279870e-02	1.127657e-01	6.381927e-02
4.38          	1.041200e-01	7.331719e-02	1.129085e-01	6.458450e-02
4.385         	1.040257e-01	7.461539e-02	1.132510e-01	6.465854e-02
4.39          	1.040716e-01	7.607728e-02	1.135599e-01	6.477672e-02
4.395         	1.007453e-01	7.710038e-02	1.138005e-01	6.575464e-02
4.4           	9.850071e-02	7.800507e-02	1.142421e-01	6.657728e-02
4.405         	9.606646e-02	7.890178e-02	1.146894e-01	6.725267e-02
4.41          	9.479232e-02	7.979607e-02	1.154141e-01	6.799406e-02
4.415         	9.356427e-02	8.070488e-02	1.157080e-01	6.888247e-02
4.42          	9.270623e-02	8.117174e-02	1.164308e-01	6.959364e-02
4.425         	9.289481e-02	8.143385e-02	1.176220e-01	7.016396e-02
4.43          	9.304020e-02	8.115829e-02	1.189225e-01	7.042128e-02
4.435         	9.205384e-02	8.035019e-02	1.201983e-01	7.042863e-02
4.44          	9.129857e-02	7.945772e-02	1.217488e-01	6.938668e-02
4.445         	8.918529e-02	7.834353e-02	1.225203e-01	6.853918e-02
4.45          	9.032515e-02	7.724229e-02	1.223401e-01	6.773249e-02
4.455         	8.979054e-02	7.615203e-02	1.212308e-01	6.661090e-02
4.46          	8.949190e-02	7.545972e-02	1.195820e-01	6.540832e-02
4.465         	8.933540e-02	7.528828e-02	1.184156e-01	6.452559e-02
4.47          	8.978725e-02	7.524623e-02	1.176726e-01	6.409258e-02
4.475         	9.081724e-02	7.516139e-02	1.179780e-01	6.413462e-02
4.48          	8.840161e-02	7.443083e-02	1.186831e-01	6.394871e-02
4.485         	9.024444e-02	7.315221e-02	1.183366e-01	6.427383e-02
4.49          	9.051438e-02	7.169293e-02	1.173671e-01	6.367230e-02
4.495         	8.831232e-02	7.010593e-02	1.159119e-01	6.258714e-02
4.5           	9.141759e-02	6.845715e-02	1.147987e-01	6.154685e-02
4.505         	9.260226e-02	6.727167e-02	1.146737e-01	6.002933e-02
4.51          	9.364993e-02	6.626612e-02	1.150302e-01	5.917915e-02
4.515         	9.355454e-02	6.558369e-02	1.134960e-01	5.989419e-02
4.52          	9.377321e-02	6.514107e-02	1.138087e-01	6.066795e-02
4.525         	9.596340e-02	6.523205e-02	1.141165e-01	6.154864e-02
4.53          	9.493775e-02	6.602119e-02	1.128820e-01	6.210635e-02
4.535         	9.076510e-02	6.658748e-02	1.129101e-01	6.222339e-02
4.54          	9.064450e-02	6.728967e-02	1.110650e-01	6.220156e-02
4.545         	8.891724e-02	6.747626e-02	1.112665e-01	6.156606e-02
4.55          	8.808078e-02	6.757299e-02	1.114019e-01	6.074529e-02
4.555         	8.754864e-02	6.777173e-02	1.094562e-01	6.006952e-02
4.56          	8.647175e-02	6.750934e-02	1.088876e-01	5.905681e-02
4.565         	8.627206e-02	6.720455e-02	1.060804e-01	5.810608e-02
4.57          	8.510451e-02	6.638137e-02	1.047343e-01	5.706070e-02
4.575         	8.595755e-02	6.560331e-02	1.029845e-01	5.648588e-02
4.58          	8.753786e-02	6.486678e-02	9.999433e-02	5.651658e-02
4.585         	9.018992e-02	6.412578e-02	9.885298e-02	5.564799e-02
4.59          	9.151547e-02	6.325607e-02	9.613799e-02	5.515933e-02
4.595         	9.180858e-02	6.243177e-02	9.330827e-02	5.528191e-02
4.6           	9.387923e-02	6.190960e-02	9.250056e-02	5.407040e-02
4.605         	9.487555e-02	6.131893e-02	9.022209e-02	5.371550e-02
4.61          	9.615317e-02	6.099690e-02	8.895712e-02	5.252674e-02
4.615         	9.617838e-02	6.061871e-02	8.827095e-02	5.165265e-02
4.62          	9.656020e-02	5.991819e-02	8.751474e-02	5.102794e-02
4.625         	9.535288e-02	5.933312e-02	8.667610e-02	5.046212e-02
4.63          	9.215360e-02	5.898622e-02	8.587486e-02	5.010500e-02
4.635         	8.695703e-02	5.876900e-02	8.524733e-02	4.993971e-02
4.64          	8.547525e-02	5.858941e-02	8.490822e-02	5.007799e-02
4.645         	8.444880e-02	5.838830e-02	8.510956e-02	5.034743e-02
4.65          	8.185224e-02	5.813113e-02	8.541449e-02	5.062173e-02
4.655         	8.189917e-02	5.793261e-02	8.554008e-02	5.105762e-02
4.66          	8.154929e-02	5.768823e-02	8.564322e-02	5.149946e-02
4.665         	7.902940e-02	5.735764e-02	8.549576e-02	5.189227e-02
4.67          	7.880311e-02	5.716587e-02	8.506835e-02	5.207224e-02
4.675         	7.894560e-02	5.737295e-02	8.487763e-02	5.225652e-02
4.68          	7.948347e-02	5.768211e-02	8.492201e-02	5.230223e-02
4.685         	7.935278e-02	5.810646e-02	8.531874e-02	5.211688e-02
4.69          	8.056343e-02	5.840450e-02	8.655823e-02	5.179185e-02
4.695         	7.875736e-02	5.870822e-02	8.657540e-02	5.163814e-02
4.7           	8.044454e-02	5.838548e-02	8.713774e-02	5.193258e-02
4.705         	8.125193e-02	5.831187e-02	8.799846e-02	5.146354e-02
4.71          	8.159199e-02	5.820261e-02	8.744276e-02	5.134519e-02
4.715         	8.125131e-02	5.798317e-02	8.728294e-02	5.137775e-02
4.72          	7.895022e-02	5.796487e-02	8.759432e-02	5.151301e-02
4.725         	8.003929e-02	5.810651e-02	8.814475e-02	5.180101e-02
4.73          	7.660842e-02	5.775662e-02	8.886659e-02	5.235876e-02
4.735         	7.667908e-02	5.868142e-02	8.883192e-02	5.273798e-02
4.74          	7.644723e-02	5.961212e-02	8.879767e-02	5.309430e-02
4.745         	7.563625e-02	6.053392e-02	8.868716e-02	5.331476e-02
4.75          	7.505366e-02	6.139129e-02	8.847438e-02	5.364652e-02
4.755         	7.418726e-02	6.188337e-02	8.861314e-02	5.393993e-02
4.76          	7.390362e-02	6.210313e-02	8.911851e-02	5.396147e-02
4.765         	7.341934e-02	6.199908e-02	8.970809e-02	5.366761e-02
4.77          	7.163568e-02	6.175992e-02	8.982370e-02	5.313158e-02
4.775         	7.033348e-02	6.140764e-02	8.935113e-02	5.247719e-02
4.78          	7.112930e-02	6.104764e-02	8.858809e-02	5.182597e-02
4.785         	7.126875e-02	6.068566e-02	8.775609e-02	5.115602e-02
4.79          	7.090218e-02	6.027168e-02	8.708858e-02	5.060835e-02
4.795         	7.433474e-02	5.991716e-02	8.657536e-02	5.036023e-02
4.8           	7.456545e-02	5.890849e-02	8.667812e-02	5.038669e-02
4.805         	7.459807e-02	5.823979e-02	8.684844e-02	5.051834e-02
4.81          	7.348239e-02	5.771458e-02	8.693539e-02	5.065782e-02
4.815         	7.452610e-02	5.735449e-02	8.703788e-02	5.082355e-02
4.82          	7.582144e-02	5.775042e-02	8.650053e-02	5.081593e-02
4.825         	7.499253e-02	5.723411e-02	8.593799e-02	5.089643e-02
4.83          	7.517293e-02	5.759754e-02	8.496366e-02	5.066052e-02
4.835         	7.505333e-02	5.709608e-02	8.455673e-02	5.054955e-02
4.84          	7.443730e-02	5.659027e-02	8.406352e-02	5.039586e-02
4.845         	7.140047e-02	5.600067e-02	8.367884e-02	5.023027e-02
4.85          	7.219424e-02	5.537627e-02	8.358692e-02	5.012818e-02
4.855         	6.886093e-02	5.481314e-02	8.344842e-02	4.999632e-02
4.86          	7.272469e-02	5.486274e-02	8.244996e-02	4.952153e-02
4.865         	7.285843e-02	5.403957e-02	8.176083e-02	4.926965e-02
4.87          	7.244351e-02	5.366615e-02	8.117332e-02	4.898934e-02
4.875         	7.296295e-02	5.361617e-02	8.095069e-02	4.883788e-02
4.88          	7.410829e-02	5.363470e-02	8.104229e-02	4.871755e-02
4.885         	7.569783e-02	5.383730e-02	8.137585e-02	4.870687e-02
4.89          	7.703578e-02	5.403006e-02	8.158632e-02	4.878364e-02
4.895         	7.430706e-02	5.427241e-02	8.135765e-02	4.890853e-02
4.9           	7.573926e-02	5.447186e-02	8.086854e-02	4.914174e-02
4.905         	7.946955e-02	5.462887e-02	8.071261e-02	4.955930e-02
4.91          	7.691568e-02	5.482297e-02	8.095245e-02	5.000222e-02
4.915         	7.711161e-02	5.493139e-02	8.153900e-02	5.041122e-02
4.92          	7.311784e-02	5.579026e-02	8.160800e-02	5.051880e-02
4.925         	7.080626e-02	5.629046e-02	8.162805e-02	5.069538e-02
4.93          	6.954587e-02	5.643610e-02	8.167485e-02	5.088015e-02
4.935         	7.137576e-02	5.632950e-02	8.166736e-02	5.106803e-02
4.94          	7.338551e-02	5.604872e-02	8.150288e-02	5.108526e-02
4.945         	7.221933e-02	5.569499e-02	8.126441e-02	5.086367e-02
4.95          	7.364587e-02	5.553781e-02	8.116939e-02	5.061764e-02
4.955         	7.448587e-02	5.541483e-02	8.116203e-02	5.031865e-02
4.96          	7.739235e-02	5.500422e-02	8.180188e-02	5.069037e-02
4.965         	7.817951e-02	5.468302e-02	8.209003e-02	5.091500e-02
4.97          	7.857819e-02	5.448745e-02	8.220565e-02	5.104975e-02
4.975         	7.800995e-02	5.419200e-02	8.219693e-02	5.097823e-02
4.98          	7.651531e-02	5.391820e-02	8.212962e-02	5.081882e-02
4.985         	7.827064e-02	5.384150e-02	8.233962e-02	5.075573e-02
4.99          	7.578479e-02	5.381158e-02	8.253841e-02	5.070773e-02
4.995         	7.391581e-02	5.375180e-02	8.243800e-02	5.048601e-02
5             	6.771395e-02	5.363672e-02	8.180827e-02	5.012486e-02
5.005         	6.621807e-02	5.363529e-02	8.105515e-02	4.973509e-02
5.01          	6.393463e-02	5.408382e-02	8.042134e-02	4.888700e-02
5.015         	6.509650e-02	5.457230e-02	7.892413e-02	4.850585e-02
5.02          	6.685775e-02	1.073026e-01	9.128357e-02	7.390613e-02
5.025         	6.522966e-02	1.100902e-01	1.051515e-01	7.903749e-02
5.03          	6.387428e-02	7.340736e-02	9.461591e-02	6.033922e-02
5.035         	6.276439e-02	6.532626e-02	8.822106e-02	5.646641e-02
5.04          	6.454020e-02	6.315862e-02	8.606852e-02	5.535697e-02
5.045         	6.512227e-02	6.223570e-02	8.614056e-02	5.414663e-02
5.05          	6.565767e-02	6.222335e-02	8.577343e-02	5.343700e-02
5.055         	6.688751e-02	6.157221e-02	8.542059e-02	5.283693e-02
5.06          	7.068657e-02	6.169538e-02	8.458607e-02	5.206080e-02
5.065         	7.087807e-02	6.071559e-02	8.430652e-02	5.147937e-02
5.07          	7.040089e-02	5.991488e-02	8.364816e-02	5.105679e-02
5.075         	7.155820e-02	5.909819e-02	8.299209e-02	5.077049e-02
5.08          	7.223312e-02	5.863684e-02	8.241699e-02	5.068173e-02
5.085         	7.852799e-02	5.825590e-02	8.190001e-02	5.066209e-02
5.09          	7.829445e-02	5.790848e-02	8.150392e-02	5.079125e-02
5.095         	7.959912e-02	5.770264e-02	8.126432e-02	5.093700e-02
5.1           	7.680334e-02	5.762635e-02	8.113510e-02	5.114611e-02
5.105         	8.060260e-02	5.748536e-02	8.097825e-02	5.123530e-02
5.11          	7.856511e-02	5.748091e-02	8.082015e-02	5.125527e-02
5.115         	8.004393e-02	5.766046e-02	8.096836e-02	5.142011e-02
5.12          	8.116981e-02	5.856140e-02	8.116816e-02	5.152070e-02
5.125         	8.044906e-02	5.913548e-02	8.185031e-02	5.183235e-02
5.13          	8.128300e-02	5.957761e-02	8.226618e-02	5.311013e-02
5.135         	7.958331e-02	5.997470e-02	8.269052e-02	5.426507e-02
5.14          	8.028686e-02	6.035018e-02	8.419235e-02	5.425797e-02
5.145         	7.927278e-02	6.050999e-02	8.389502e-02	5.520295e-02
5.15          	8.049005e-02	6.053932e-02	8.367776e-02	5.588177e-02
5.155         	8.114787e-02	6.035740e-02	8.356923e-02	5.631207e-02
5.16          	7.921060e-02	6.001232e-02	8.356995e-02	5.657718e-02
5.165         	7.674111e-02	5.974493e-02	8.380485e-02	5.673457e-02
5.17          	7.323973e-02	5.965919e-02	8.381825e-02	5.684012e-02
5.175         	6.948034e-02	5.938808e-02	8.372996e-02	5.618477e-02
5.18          	6.898527e-02	5.870221e-02	8.339106e-02	5.640691e-02
5.185         	6.874101e-02	5.809793e-02	8.309132e-02	5.639206e-02
5.19          	6.555040e-02	5.762708e-02	8.277138e-02	5.622430e-02
5.195         	6.999225e-02	5.730625e-02	8.229829e-02	5.598073e-02
5.2           	6.977086e-02	5.702455e-02	8.164703e-02	5.584614e-02
5.205         	6.963272e-02	5.683259e-02	8.103043e-02	5.573868e-02
5.21          	7.220687e-02	5.664608e-02	8.041580e-02	5.569605e-02
5.215         	7.371497e-02	5.644207e-02	8.010343e-02	5.556161e-02
5.22          	7.615800e-02	5.624462e-02	8.024706e-02	5.548443e-02
5.225         	7.747858e-02	5.598052e-02	8.059106e-02	5.535137e-02
5.23          	7.840184e-02	5.525236e-02	8.090892e-02	5.543109e-02
5.235         	8.016156e-02	5.498367e-02	8.082855e-02	5.529385e-02
5.24          	8.295216e-02	5.554335e-02	8.037419e-02	5.508117e-02
5.245         	8.296901e-02	5.524058e-02	8.023618e-02	5.519701e-02
5.25          	8.358083e-02	5.557129e-02	7.946642e-02	5.525585e-02
5.255         	8.405603e-02	5.565372e-02	7.857479e-02	5.535616e-02
5.26          	8.536089e-02	5.564657e-02	7.763424e-02	5.547075e-02
5.265         	8.586563e-02	5.551885e-02	7.677592e-02	5.563000e-02
5.27          	8.674440e-02	5.523709e-02	7.595577e-02	5.585219e-02
5.275         	8.779410e-02	5.495999e-02	7.552980e-02	5.540768e-02
5.28          	8.778943e-02	5.445509e-02	7.481878e-02	5.581863e-02
5.285         	8.568521e-02	5.414523e-02	7.436251e-02	5.542444e-02
5.29          	8.437747e-02	5.373528e-02	7.355180e-02	5.564000e-02
5.295         	8.162987e-02	5.325020e-02	7.281303e-02	5.565440e-02
5.3           	7.833875e-02	5.297851e-02	7.228223e-02	5.587705e-02
5.305         	7.805095e-02	5.232729e-02	7.235370e-02	5.627781e-02
5.31          	7.676593e-02	5.273325e-02	7.226333e-02	5.570857e-02
5.315         	7.450145e-02	5.215101e-02	7.211235e-02	5.519642e-02
5.32          	7.500046e-02	5.211700e-02	7.115587e-02	5.452131e-02
5.325         	7.374799e-02	5.160498e-02	6.976046e-02	5.391641e-02
5.33          	7.321159e-02	5.079735e-02	6.825353e-02	5.316036e-02
5.335         	7.406696e-02	4.991080e-02	6.696542e-02	5.235899e-02
5.34          	7.263774e-02	4.885241e-02	6.565890e-02	5.155857e-02
5.345         	7.207377e-02	4.774007e-02	6.471124e-02	5.071799e-02
5.35          	7.104743e-02	4.674458e-02	6.408999e-02	4.995075e-02
5.355         	7.285308e-02	4.589940e-02	6.438289e-02	4.921385e-02
5.36          	7.328817e-02	4.530205e-02	6.440949e-02	4.944740e-02
5.365         	7.530540e-02	4.486176e-02	6.432146e-02	4.973779e-02
5.37          	7.510355e-02	4.467287e-02	6.419293e-02	5.002782e-02
5.375         	7.636697e-02	4.468061e-02	6.377897e-02	5.011804e-02
5.38          	7.673263e-02	4.513121e-02	6.267099e-02	4.956801e-02
5.385         	7.717074e-02	4.544836e-02	6.179404e-02	4.903234e-02
5.39          	7.428339e-02	4.565810e-02	6.120286e-02	4.863700e-02
5.395         	7.615906e-02	4.583197e-02	6.090096e-02	4.843682e-02
5.4           	7.687406e-02	4.624725e-02	6.093901e-02	4.843840e-02
5.405         	7.850582e-02	4.682373e-02	6.126138e-02	4.855655e-02
5.41          	7.769789e-02	4.749390e-02	6.160868e-02	4.882726e-02
5.415         	7.893883e-02	4.810428e-02	6.203447e-02	4.917634e-02
5.42          	7.990262e-02	4.860422e-02	6.255800e-02	4.961723e-02
5.425         	8.059826e-02	4.893745e-02	6.320557e-02	5.012220e-02
5.43          	8.048360e-02	4.936971e-02	6.404687e-02	5.076790e-02
5.435         	8.113771e-02	4.977247e-02	6.499927e-02	5.154712e-02
5.44          	8.282207e-02	5.018881e-02	6.595941e-02	5.228780e-02
5.445         	8.394796e-02	5.059775e-02	6.681596e-02	5.285677e-02
5.45          	8.468086e-02	5.093527e-02	6.741396e-02	5.330986e-02
5.455         	8.421402e-02	5.119465e-02	6.775106e-02	5.372780e-02
5.46          	8.354198e-02	5.139218e-02	6.767506e-02	5.415077e-02
5.465         	8.353547e-02	5.155685e-02	6.738461e-02	5.534280e-02
5.47          	8.220927e-02	5.212808e-02	6.763008e-02	5.580481e-02
5.475         	8.275251e-02	5.255689e-02	6.874594e-02	5.610633e-02
5.48          	8.139258e-02	5.300645e-02	6.887252e-02	5.651284e-02
5.485         	8.033357e-02	5.277681e-02	6.946438e-02	5.695683e-02
5.49          	8.051689e-02	5.230904e-02	6.955686e-02	5.683268e-02
5.495         	8.177927e-02	5.201125e-02	6.946010e-02	5.571502e-02
5.5           	8.107709e-02	5.156988e-02	6.879043e-02	5.539141e-02
5.505         	7.917570e-02	5.131714e-02	6.820941e-02	5.457215e-02
5.51          	7.919196e-02	5.097983e-02	6.732636e-02	5.399883e-02
5.515         	7.957217e-02	5.059156e-02	6.630826e-02	5.347254e-02
5.52          	8.131167e-02	5.019748e-02	6.522866e-02	5.290244e-02
5.525         	8.012210e-02	4.984459e-02	6.360280e-02	5.235631e-02
5.53          	8.098617e-02	4.954670e-02	6.325254e-02	5.168987e-02
5.535         	8.166968e-02	4.938341e-02	6.297336e-02	5.116847e-02
5.54          	8.275875e-02	4.941624e-02	6.278244e-02	5.087158e-02
5.545         	8.000017e-02	4.967538e-02	6.196173e-02	5.098322e-02
5.55          	8.008375e-02	4.981879e-02	6.207757e-02	5.099133e-02
5.555         	7.933169e-02	4.993785e-02	6.231698e-02	5.107151e-02
5.56          	8.073834e-02	5.010230e-02	6.240548e-02	5.127274e-02
5.565         	7.931675e-02	5.045106e-02	6.248127e-02	5.127661e-02
5.57          	8.069414e-02	5.063570e-02	6.233339e-02	5.113325e-02
5.575         	8.041126e-02	5.063198e-02	6.203664e-02	5.088253e-02
5.58          	8.061525e-02	5.063744e-02	6.168897e-02	5.062609e-02
5.585         	8.075059e-02	5.079448e-02	6.157523e-02	5.042548e-02
5.59          	8.009324e-02	5.086440e-02	6.161177e-02	5.037689e-02
5.595         	8.048376e-02	5.073909e-02	6.149225e-02	5.104355e-02
5.6           	8.179296e-02	5.063077e-02	6.166084e-02	5.164919e-02
5.605         	8.307113e-02	5.073278e-02	6.221515e-02	5.224840e-02
5.61          	8.320484e-02	5.095920e-02	6.308408e-02	5.278420e-02
5.615         	8.339168e-02	5.120247e-02	6.401574e-02	5.336100e-02
5.62          	8.069823e-02	5.157699e-02	6.500395e-02	5.387998e-02
5.625         	8.463951e-02	5.212626e-02	6.603666e-02	5.419023e-02
5.63          	8.608147e-02	5.276310e-02	6.721208e-02	5.460208e-02
5.635         	8.768746e-02	5.347249e-02	6.831294e-02	5.506483e-02
5.64          	8.726108e-02	5.422949e-02	6.950273e-02	5.548213e-02
5.645         	8.636548e-02	5.486152e-02	7.037665e-02	5.592490e-02
5.65          	8.623597e-02	5.544362e-02	7.142098e-02	5.644995e-02
5.655         	8.668359e-02	5.606264e-02	7.254621e-02	5.703680e-02
5.66          	8.727654e-02	5.687788e-02	7.355368e-02	5.751146e-02
5.665         	8.653925e-02	5.784818e-02	7.446939e-02	5.808370e-02
5.67          	8.596369e-02	5.874270e-02	7.554592e-02	5.880596e-02
5.675         	8.503233e-02	5.967353e-02	7.674872e-02	5.961655e-02
5.68          	8.578563e-02	6.084883e-02	7.808199e-02	6.058096e-02
5.685         	8.579193e-02	6.281421e-02	7.867575e-02	6.097658e-02
5.69          	8.518273e-02	6.482026e-02	7.955758e-02	6.152047e-02
5.695         	8.076590e-02	6.651262e-02	8.052078e-02	6.176765e-02
5.7           	8.483968e-02	6.751559e-02	8.146366e-02	6.158173e-02
5.705         	8.524488e-02	6.790151e-02	8.224706e-02	6.130396e-02
5.71          	8.306418e-02	6.806598e-02	8.310593e-02	6.101919e-02
5.715         	8.555368e-02	6.796554e-02	8.512735e-02	6.079197e-02
5.72          	8.465472e-02	6.788204e-02	8.696963e-02	6.100717e-02
5.725         	8.592489e-02	6.799516e-02	8.848178e-02	6.167897e-02
5.73          	8.703341e-02	6.836251e-02	8.935339e-02	6.249653e-02
5.735         	8.788104e-02	6.880487e-02	8.970847e-02	6.386346e-02
5.74          	8.808093e-02	6.969345e-02	9.051843e-02	6.421657e-02
5.745         	9.118591e-02	7.100965e-02	9.155515e-02	6.460712e-02
5.75          	9.080817e-02	7.233525e-02	9.271729e-02	6.503572e-02
5.755         	9.228045e-02	7.325274e-02	9.343029e-02	6.575775e-02
5.76          	9.455012e-02	7.351643e-02	9.388159e-02	6.601028e-02
5.765         	9.310940e-02	7.303765e-02	9.417727e-02	6.601193e-02
5.77          	9.261182e-02	7.239287e-02	9.436019e-02	6.564754e-02
5.775         	9.432196e-02	7.152514e-02	9.503442e-02	6.515306e-02
5.78          	9.426523e-02	7.090937e-02	9.553844e-02	6.443081e-02
5.785         	9.166209e-02	7.050292e-02	9.560418e-02	6.356663e-02
5.79          	9.359964e-02	7.029226e-02	9.543564e-02	6.272610e-02
5.795         	9.216425e-02	7.003533e-02	9.477718e-02	6.179120e-02
5.8           	9.203402e-02	6.942724e-02	9.383383e-02	6.079355e-02
5.805         	9.192003e-02	6.841934e-02	9.232322e-02	5.959903e-02
5.81          	8.905785e-02	6.755048e-02	9.049937e-02	5.850286e-02
5.815         	8.950955e-02	6.660145e-02	8.843475e-02	5.761369e-02
5.82          	8.743780e-02	6.583200e-02	8.655463e-02	5.687994e-02
5.825         	8.685236e-02	6.497698e-02	8.485477e-02	5.618883e-02
5.83          	8.700783e-02	6.380878e-02	8.327036e-02	5.566434e-02
5.835         	8.472444e-02	6.282895e-02	8.225236e-02	5.453112e-02
5.84          	8.688042e-02	6.175660e-02	8.142405e-02	5.366619e-02
5.845         	8.615322e-02	6.080325e-02	7.983174e-02	5.295933e-02
5.85          	8.591525e-02	6.005184e-02	7.859153e-02	5.240500e-02
5.855         	8.621792e-02	5.935475e-02	7.762794e-02	5.213650e-02
5.86          	8.606354e-02	5.812160e-02	7.722927e-02	5.238547e-02
5.865         	8.680485e-02	5.800824e-02	7.638632e-02	5.266382e-02
5.87          	8.699331e-02	5.743091e-02	7.597307e-02	5.315490e-02
5.875         	8.661687e-02	5.795221e-02	7.537457e-02	5.339751e-02
5.88          	8.793107e-02	5.870222e-02	7.497527e-02	5.369364e-02
5.885         	8.793834e-02	5.959473e-02	7.478636e-02	5.400158e-02
5.89          	8.899261e-02	6.034636e-02	7.484662e-02	5.431082e-02
5.895         	9.063442e-02	6.079605e-02	7.537466e-02	5.454671e-02
5.9           	9.088772e-02	6.079588e-02	7.618969e-02	5.468566e-02
5.905         	8.989892e-02	6.057270e-02	7.716052e-02	5.511022e-02
5.91          	8.853678e-02	6.018836e-02	7.822921e-02	5.564519e-02
5.915         	8.920938e-02	5.975786e-02	7.921864e-02	5.606330e-02
5.92          	8.856127e-02	5.931767e-02	8.013448e-02	5.633544e-02
5.925         	8.610620e-02	5.870980e-02	8.081809e-02	5.622757e-02
5.93          	8.598722e-02	5.820080e-02	8.106819e-02	5.571808e-02
5.935         	8.604645e-02	5.786140e-02	8.116515e-02	5.483931e-02
5.94          	8.295563e-02	5.749150e-02	8.107089e-02	5.371086e-02
5.945         	8.304168e-02	5.710073e-02	8.079253e-02	5.251226e-02
5.95          	8.144916e-02	5.647906e-02	8.046179e-02	5.143222e-02
5.955         	8.371308e-02	5.572815e-02	8.129414e-02	5.043887e-02
5.96          	8.301251e-02	5.488111e-02	8.169982e-02	4.963163e-02
5.965         	8.163334e-02	5.395678e-02	8.160973e-02	4.898801e-02
5.97          	8.057102e-02	5.314552e-02	8.090917e-02	4.849620e-02
5.975         	8.105044e-02	5.223673e-02	7.985677e-02	4.816854e-02
5.98          	7.942319e-02	5.144435e-02	7.894134e-02	4.772553e-02
5.985         	8.117761e-02	5.086838e-02	7.856953e-02	4.727042e-02
5.99          	8.015808e-02	5.086310e-02	7.845312e-02	4.707175e-02
5.995         	7.834368e-02	5.118284e-02	7.855894e-02	4.728305e-02
6             	7.890890e-02	5.157147e-02	7.847620e-02	4.823656e-02
6.005         	8.136577e-02	5.211704e-02	7.876325e-02	4.924286e-02
6.01          	8.331380e-02	5.266641e-02	7.916468e-02	5.008771e-02
6.015         	8.345289e-02	5.317057e-02	7.932586e-02	5.072363e-02
6.02          	8.478012e-02	5.358411e-02	7.935958e-02	5.119350e-02
6.025         	8.472460e-02	5.386289e-02	7.955343e-02	5.148621e-02
6.03          	8.532653e-02	5.421932e-02	7.981939e-02	5.168339e-02
6.035         	8.449250e-02	5.446739e-02	8.002456e-02	5.189284e-02
6.04          	8.333748e-02	5.491991e-02	8.029460e-02	5.233813e-02
6.045         	8.263840e-02	5.538335e-02	8.046689e-02	5.295001e-02
6.05          	8.200594e-02	5.594487e-02	8.063270e-02	5.365952e-02
6.055         	8.239498e-02	5.658238e-02	8.106716e-02	5.439178e-02
6.06          	8.361931e-02	5.701828e-02	8.152510e-02	5.495233e-02
6.065         	8.359483e-02	5.698048e-02	8.198190e-02	5.519668e-02
6.07          	8.271968e-02	5.671965e-02	8.239936e-02	5.532095e-02
6.075         	8.274170e-02	5.675581e-02	8.310599e-02	5.562837e-02
6.08          	8.382483e-02	5.695283e-02	8.377388e-02	5.611780e-02
6.085         	8.513494e-02	5.730964e-02	8.424868e-02	5.659735e-02
6.09          	8.758217e-02	5.802085e-02	8.430333e-02	5.704217e-02
6.095         	8.833267e-02	5.897276e-02	8.433298e-02	5.766009e-02
6.1           	8.918042e-02	5.994989e-02	8.470686e-02	5.837375e-02
6.105         	8.904830e-02	6.072358e-02	8.573105e-02	5.905923e-02
6.11          	9.062414e-02	6.144078e-02	8.693986e-02	5.986304e-02
6.115         	9.041458e-02	6.216462e-02	8.826649e-02	6.064690e-02
6.12          	9.006143e-02	6.313196e-02	8.978660e-02	6.056199e-02
6.125         	9.270215e-02	6.414721e-02	9.105447e-02	6.090831e-02
6.13          	9.172526e-02	6.457115e-02	9.215015e-02	6.109244e-02
6.135         	9.135179e-02	6.457348e-02	9.293021e-02	6.135709e-02
6.14          	9.206414e-02	6.427038e-02	9.254571e-02	6.138168e-02
6.145         	8.973146e-02	6.387641e-02	9.033438e-02	6.162627e-02
6.15          	8.520622e-02	6.344758e-02	8.985042e-02	6.152939e-02
6.155         	8.671460e-02	6.314866e-02	8.981628e-02	6.138740e-02
6.16          	8.572382e-02	6.259155e-02	8.989223e-02	6.173345e-02
6.165         	8.310683e-02	6.225430e-02	9.044165e-02	6.115019e-02
6.17          	8.239438e-02	6.197005e-02	9.065483e-02	6.062283e-02
6.175         	8.375311e-02	6.141449e-02	8.980887e-02	6.076172e-02
6.18          	8.305110e-02	6.076421e-02	8.915733e-02	5.971455e-02
6.185         	8.162188e-02	5.983912e-02	8.805735e-02	5.947785e-02
6.19          	8.264965e-02	5.893489e-02	8.659324e-02	5.914197e-02
6.195         	8.142386e-02	5.816493e-02	8.518095e-02	5.806607e-02
6.2           	8.086407e-02	5.724366e-02	8.340221e-02	5.781605e-02
6.205         	8.128372e-02	5.652985e-02	8.226072e-02	5.749240e-02
6.21          	8.061890e-02	5.591147e-02	8.124224e-02	5.713625e-02
6.215         	8.275249e-02	5.532667e-02	8.007502e-02	5.664025e-02
6.22          	8.025754e-02	5.484097e-02	7.757597e-02	5.620166e-02
6.225         	7.845361e-02	5.417762e-02	7.628373e-02	5.555781e-02
6.23          	7.907971e-02	5.371833e-02	7.433421e-02	5.499885e-02
6.235         	7.882041e-02	5.316397e-02	7.390990e-02	5.421559e-02
6.24          	7.911590e-02	5.255801e-02	7.375429e-02	5.368042e-02
6.245         	8.110431e-02	5.224767e-02	7.353700e-02	5.328445e-02
6.25          	8.043485e-02	5.225857e-02	7.350602e-02	5.232899e-02
6.255         	8.258974e-02	5.219186e-02	7.327827e-02	5.253274e-02
6.26          	8.380618e-02	5.238125e-02	7.333346e-02	5.229414e-02
6.265         	8.279808e-02	5.252957e-02	7.249160e-02	5.240963e-02
6.27          	8.479643e-02	5.240995e-02	7.274774e-02	5.230214e-02
6.275         	8.297686e-02	5.228243e-02	7.188048e-02	5.218070e-02
6.28          	8.207364e-02	5.195987e-02	7.070534e-02	5.183756e-02
6.285         	8.170481e-02	5.152250e-02	6.947178e-02	5.147445e-02
6.29          	7.894856e-02	5.085891e-02	6.823491e-02	5.102116e-02
6.295         	7.498717e-02	4.992793e-02	6.698825e-02	5.049279e-02
6.3           	7.335602e-02	4.894473e-02	6.579645e-02	4.989005e-02
6.305         	7.286403e-02	4.807097e-02	6.448247e-02	4.942498e-02
6.31          	6.769251e-02	4.741645e-02	6.324472e-02	4.902309e-02
6.315         	7.025314e-02	4.695255e-02	6.217754e-02	4.870381e-02
6.32          	7.064373e-02	4.669157e-02	6.127689e-02	4.855301e-02
6.325         	7.098935e-02	4.667016e-02	6.067406e-02	4.859741e-02
6.33          	7.341683e-02	4.676029e-02	6.050965e-02	4.872893e-02
6.335         	7.373796e-02	4.688237e-02	6.069458e-02	4.893448e-02
6.34          	7.385062e-02	4.702612e-02	6.111223e-02	4.908839e-02
6.345         	7.504828e-02	4.704251e-02	6.169521e-02	4.921580e-02
6.35          	7.635096e-02	4.700518e-02	6.243822e-02	4.929725e-02
6.355         	7.766021e-02	4.698210e-02	6.302994e-02	4.922035e-02
6.36          	7.864503e-02	4.688629e-02	6.334447e-02	4.933841e-02
6.365         	7.957626e-02	4.682813e-02	6.342818e-02	4.959793e-02
6.37          	7.873153e-02	4.695187e-02	6.352350e-02	4.977349e-02
6.375         	7.731964e-02	4.713977e-02	6.376331e-02	4.978230e-02
6.38          	7.635397e-02	4.725344e-02	6.424823e-02	4.969460e-02
6.385         	7.582203e-02	4.764320e-02	6.471544e-02	4.978670e-02
6.39          	7.582144e-02	4.825441e-02	6.536038e-02	5.005919e-02
6.395         	7.628416e-02	4.891804e-02	6.615615e-02	5.053924e-02
6.4           	7.560568e-02	4.911206e-02	6.738442e-02	5.132867e-02
6.405         	7.653162e-02	4.940880e-02	6.865323e-02	5.202421e-02
6.41          	7.850864e-02	5.043313e-02	6.962905e-02	5.253457e-02
6.415         	7.919761e-02	5.068305e-02	7.098224e-02	5.355953e-02
6.42          	8.012066e-02	5.165999e-02	7.216281e-02	5.454690e-02
6.425         	8.102994e-02	5.251702e-02	7.311529e-02	5.557378e-02
6.43          	8.101653e-02	5.326590e-02	7.356623e-02	5.637916e-02
6.435         	8.189893e-02	5.425974e-02	7.380196e-02	5.712036e-02
6.44          	8.230351e-02	5.502608e-02	7.392020e-02	5.757240e-02
6.445         	7.917722e-02	5.466619e-02	7.381176e-02	5.809747e-02
6.45          	7.800430e-02	5.419511e-02	7.351455e-02	5.827213e-02
6.455         	7.789384e-02	5.417907e-02	7.291033e-02	5.774979e-02
6.46          	7.659872e-02	5.298452e-02	7.268966e-02	5.695614e-02
6.465         	7.614767e-02	5.229007e-02	7.242315e-02	5.585021e-02
6.47          	7.516958e-02	5.175569e-02	7.212755e-02	5.506551e-02
6.475         	7.650765e-02	5.157780e-02	7.169741e-02	5.444921e-02
6.48          	7.772854e-02	5.143332e-02	7.214575e-02	5.401241e-02
6.485         	7.798746e-02	5.149562e-02	7.270894e-02	5.394307e-02
6.49          	7.942965e-02	5.156700e-02	7.306517e-02	5.429658e-02
6.495         	7.653683e-02	5.126867e-02	7.294278e-02	5.457212e-02
6.5           	7.858411e-02	5.071339e-02	7.309249e-02	5.452083e-02
6.505         	7.866709e-02	5.011925e-02	7.309447e-02	5.428669e-02
6.51          	8.072883e-02	4.964659e-02	7.221538e-02	5.393746e-02
6.515         	8.292984e-02	4.900700e-02	7.063098e-02	5.402571e-02
6.52          	8.454451e-02	4.849031e-02	6.940117e-02	5.327337e-02
6.525         	8.400637e-02	4.814026e-02	6.750719e-02	5.271025e-02
6.53          	8.400233e-02	4.773953e-02	6.587048e-02	5.211758e-02
6.535         	8.211262e-02	4.737808e-02	6.453482e-02	5.144432e-02
6.54          	7.965365e-02	4.700008e-02	6.351770e-02	5.082348e-02
6.545         	7.696347e-02	4.615329e-02	6.284655e-02	5.059143e-02
6.55          	7.514597e-02	4.579514e-02	6.205279e-02	5.050589e-02
6.555         	7.385926e-02	4.586650e-02	6.142666e-02	5.038821e-02
6.56          	7.405556e-02	4.623710e-02	6.115203e-02	5.033580e-02
6.565         	7.289993e-02	4.653186e-02	6.128463e-02	5.028333e-02
6.57          	7.192523e-02	4.657533e-02	6.158390e-02	4.994149e-02
6.575         	7.092555e-02	4.697801e-02	6.170983e-02	4.936368e-02
6.58          	7.158349e-02	4.710070e-02	6.166681e-02	4.875248e-02
6.585         	7.014683e-02	4.708583e-02	6.164381e-02	4.830109e-02
6.59          	7.174720e-02	4.704806e-02	6.158488e-02	4.815663e-02
6.595         	7.335045e-02	4.713580e-02	6.163516e-02	4.832949e-02
6.6           	7.072888e-02	4.653423e-02	6.217082e-02	4.875454e-02
6.605         	7.124466e-02	4.667922e-02	6.206648e-02	4.884967e-02
6.61          	7.278657e-02	4.681690e-02	6.157245e-02	4.880389e-02
6.615         	7.297908e-02	4.685069e-02	6.084142e-02	4.866949e-02
6.62          	7.472926e-02	4.673874e-02	6.020600e-02	4.853216e-02
6.625         	7.492215e-02	4.653259e-02	5.988346e-02	4.840595e-02
6.63          	7.610336e-02	4.604123e-02	5.976084e-02	4.823181e-02
6.635         	7.662289e-02	4.548041e-02	6.007429e-02	4.781505e-02
6.64          	7.594252e-02	4.488413e-02	5.940364e-02	4.737349e-02
6.645         	7.548903e-02	4.444738e-02	5.962893e-02	4.663003e-02
6.65          	7.485376e-02	4.416274e-02	5.995469e-02	4.607754e-02
6.655         	7.357328e-02	4.405705e-02	6.055891e-02	4.580171e-02
6.66          	7.258925e-02	4.413096e-02	6.154807e-02	4.588021e-02
6.665         	6.974832e-02	4.435816e-02	6.278051e-02	4.622145e-02
6.67          	6.635703e-02	4.468031e-02	6.374089e-02	4.659852e-02
6.675         	6.895052e-02	4.475279e-02	6.395027e-02	4.749580e-02
6.68          	6.734278e-02	4.504380e-02	6.415066e-02	4.760010e-02
6.685         	6.881648e-02	4.519678e-02	6.419038e-02	4.775603e-02
6.69          	6.997888e-02	4.520963e-02	6.423513e-02	4.777401e-02
6.695         	7.038373e-02	4.531423e-02	6.445439e-02	4.772504e-02
6.7           	7.215735e-02	4.546037e-02	6.491527e-02	4.771312e-02
6.705         	7.138582e-02	4.558942e-02	6.544037e-02	4.782260e-02
6.71          	7.189038e-02	4.544288e-02	6.524700e-02	4.854286e-02
6.715         	7.337339e-02	4.525321e-02	6.508484e-02	4.893346e-02
6.72          	7.263658e-02	4.517638e-02	6.492797e-02	4.866408e-02
6.725         	7.265690e-02	4.460302e-02	6.421265e-02	4.897148e-02
6.73          	7.295941e-02	4.433752e-02	6.370535e-02	4.859459e-02
6.735         	7.360788e-02	4.403757e-02	6.300271e-02	4.890354e-02
6.74          	7.498623e-02	4.396764e-02	6.267794e-02	4.834564e-02
6.745         	7.090992e-02	4.403246e-02	6.148511e-02	4.785703e-02
6.75          	7.336637e-02	4.402594e-02	6.120833e-02	4.726869e-02
6.755         	7.226682e-02	4.415759e-02	6.068583e-02	4.698026e-02
6.76          	7.541791e-02	4.430568e-02	6.075184e-02	4.703032e-02
6.765         	7.404740e-02	4.453600e-02	6.125292e-02	4.746694e-02
6.77          	7.456948e-02	4.506685e-02	6.200135e-02	4.809933e-02
6.775         	7.597971e-02	4.588677e-02	6.279759e-02	4.879200e-02
6.78          	7.811714e-02	4.711876e-02	6.359818e-02	4.961280e-02
6.785         	7.991697e-02	4.828347e-02	6.415233e-02	5.037182e-02
6.79          	8.110447e-02	4.913029e-02	6.434810e-02	5.115603e-02
6.795         	7.979501e-02	4.991189e-02	6.498883e-02	5.157824e-02
6.8           	8.175915e-02	5.055475e-02	6.489992e-02	5.200640e-02
6.805         	8.012300e-02	5.051410e-02	6.533897e-02	5.236366e-02
6.81          	7.774405e-02	5.041436e-02	6.609445e-02	5.291834e-02
6.815         	7.849689e-02	4.996997e-02	6.676899e-02	5.375076e-02
6.82          	7.775465e-02	4.981411e-02	6.698216e-02	5.447398e-02
6.825         	7.856231e-02	4.968041e-02	6.715409e-02	5.479354e-02
6.83          	7.773098e-02	4.973121e-02	6.714456e-02	5.477610e-02
6.835         	7.932189e-02	4.980974e-02	6.726313e-02	5.483400e-02
6.84          	7.839858e-02	4.984689e-02	6.735082e-02	5.500999e-02
6.845         	7.929035e-02	4.986929e-02	6.756294e-02	5.520512e-02
6.85          	7.963073e-02	4.983900e-02	6.790067e-02	5.550650e-02
6.855         	8.021738e-02	4.966063e-02	6.834443e-02	5.569383e-02
6.86          	7.850142e-02	4.924857e-02	6.869140e-02	5.560423e-02
6.865         	8.142240e-02	4.846160e-02	6.850225e-02	5.506646e-02
6.87          	8.279658e-02	4.735373e-02	6.855627e-02	5.411728e-02
6.875         	8.213275e-02	4.637713e-02	6.717844e-02	5.322705e-02
6.88          	8.102421e-02	4.541869e-02	6.651045e-02	5.227105e-02
6.885         	7.929131e-02	4.482123e-02	6.493579e-02	5.131690e-02
6.89          	7.870868e-02	4.461628e-02	6.374166e-02	5.061906e-02
6.895         	7.777977e-02	4.426027e-02	6.312984e-02	5.033079e-02
6.9           	7.931558e-02	4.439799e-02	6.320894e-02	4.978278e-02
6.905         	7.739799e-02	4.466553e-02	6.252060e-02	4.937575e-02
6.91          	8.026797e-02	4.463024e-02	6.162271e-02	4.887394e-02
6.915         	8.019216e-02	4.453788e-02	6.078174e-02	4.804027e-02
6.92          	7.975993e-02	4.430455e-02	5.987372e-02	4.722685e-02
6.925         	8.120712e-02	4.399903e-02	5.968635e-02	4.623895e-02
6.93          	8.279778e-02	4.374557e-02	5.978234e-02	4.532538e-02
6.935         	8.136052e-02	4.355248e-02	5.928687e-02	4.479174e-02
6.94          	8.302278e-02	4.330935e-02	5.960875e-02	4.443479e-02
6.945         	8.203003e-02	4.310327e-02	5.942254e-02	4.460709e-02
6.95          	8.234403e-02	4.257445e-02	5.987973e-02	4.441714e-02
6.955         	8.164393e-02	4.220531e-02	6.026351e-02	4.415197e-02
6.96          	8.293991e-02	4.184710e-02	6.042718e-02	4.393229e-02
6.965         	8.345019e-02	4.157777e-02	6.044614e-02	4.391456e-02
6.97          	8.326294e-02	4.120868e-02	6.007193e-02	4.426824e-02
6.975         	8.301755e-02	4.105963e-02	6.004747e-02	4.414523e-02
6.98          	8.198432e-02	4.103764e-02	6.008849e-02	4.418071e-02
6.985         	8.116517e-02	4.092155e-02	6.031692e-02	4.440611e-02
6.99          	8.038560e-02	4.068698e-02	6.039486e-02	4.503387e-02
6.995         	7.882344e-02	4.065990e-02	6.058228e-02	4.556614e-02
7             	7.761727e-02	4.080027e-02	6.072343e-02	4.602038e-02
7.005         	7.588842e-02	4.097884e-02	6.085485e-02	4.648993e-02
7.01          	7.573644e-02	4.137048e-02	6.113649e-02	4.660114e-02
7.015         	7.406471e-02	4.145662e-02	6.120250e-02	4.735336e-02
7.02          	7.171294e-02	4.178803e-02	6.172341e-02	4.752301e-02
7.025         	7.165684e-02	4.216399e-02	6.222054e-02	4.781997e-02
7.03          	7.343692e-02	4.246408e-02	6.261903e-02	4.803660e-02
7.035         	7.365508e-02	4.243783e-02	6.254346e-02	4.851075e-02
7.04          	7.432032e-02	4.241564e-02	6.227031e-02	4.869059e-02
7.045         	7.457333e-02	4.217198e-02	6.178832e-02	4.845625e-02
7.05          	7.681929e-02	4.207891e-02	6.139565e-02	4.809636e-02
7.055         	7.708692e-02	4.238048e-02	6.126661e-02	4.730123e-02
7.06          	7.604448e-02	4.282992e-02	6.107795e-02	4.696647e-02
7.065         	7.714366e-02	4.308526e-02	6.070095e-02	4.720296e-02
7.07          	7.599942e-02	4.358223e-02	6.072747e-02	4.673205e-02
7.075         	7.382028e-02	4.399042e-02	6.083269e-02	4.644702e-02
7.08          	7.650095e-02	4.405585e-02	6.104160e-02	4.690872e-02
7.085         	7.871450e-02	4.443081e-02	6.174380e-02	4.704375e-02
7.09          	7.844115e-02	4.474883e-02	6.228003e-02	4.727999e-02
7.095         	7.909571e-02	4.518218e-02	6.255490e-02	4.760228e-02
7.1           	8.097391e-02	4.572450e-02	6.263809e-02	4.773338e-02
7.105         	8.231207e-02	4.619156e-02	6.268116e-02	4.767420e-02
7.11          	8.040786e-02	4.642320e-02	6.272958e-02	4.741345e-02
7.115         	8.031449e-02	4.616943e-02	6.258039e-02	4.760958e-02
7.12          	8.087950e-02	4.599073e-02	6.259518e-02	4.714675e-02
7.125         	8.001172e-02	4.581890e-02	6.256714e-02	4.678022e-02
7.13          	7.934358e-02	4.527164e-02	6.245725e-02	4.701305e-02
7.135         	7.917122e-02	4.499228e-02	6.294462e-02	4.670027e-02
7.14          	7.857336e-02	4.478465e-02	6.345414e-02	4.659031e-02
7.145         	7.651772e-02	4.488052e-02	6.382510e-02	4.672589e-02
7.15          	7.911791e-02	4.513333e-02	6.453682e-02	4.710273e-02
7.155         	7.919874e-02	4.576098e-02	6.508125e-02	4.773263e-02
7.16          	7.948724e-02	4.647543e-02	6.679292e-02	4.844181e-02
7.165         	7.844717e-02	4.714680e-02	6.834035e-02	4.918008e-02
7.17          	8.000232e-02	4.722687e-02	6.931564e-02	5.016345e-02
7.175         	8.175874e-02	4.721626e-02	7.022474e-02	5.097377e-02
7.18          	8.328249e-02	4.724303e-02	7.121872e-02	5.171934e-02
7.185         	8.402511e-02	4.746224e-02	7.285131e-02	5.204114e-02
7.19          	8.374613e-02	4.783694e-02	7.450618e-02	5.279098e-02
7.195         	8.854254e-02	4.839216e-02	7.591922e-02	5.366750e-02
7.2           	8.896281e-02	4.910751e-02	7.685528e-02	5.438260e-02
7.205         	8.889661e-02	4.974774e-02	7.726041e-02	5.484768e-02
7.21          	9.011615e-02	5.030510e-02	7.682223e-02	5.466090e-02
7.215         	9.238034e-02	5.065391e-02	7.604242e-02	5.415725e-02
7.22          	8.992617e-02	5.085140e-02	7.520663e-02	5.335314e-02
7.225         	9.051681e-02	5.107585e-02	7.450934e-02	5.265258e-02
7.23          	8.913471e-02	5.128302e-02	7.392360e-02	5.200426e-02
7.235         	8.840567e-02	5.155512e-02	7.366396e-02	5.139161e-02
7.24          	9.013631e-02	5.175523e-02	7.362591e-02	5.072973e-02
7.245         	8.744537e-02	5.180129e-02	7.382889e-02	5.018524e-02
7.25          	8.818549e-02	5.180193e-02	7.400759e-02	5.071490e-02
7.255         	8.762525e-02	5.197167e-02	7.463524e-02	5.120928e-02
7.26          	8.965686e-02	5.197122e-02	7.580100e-02	5.161012e-02
7.265         	8.809026e-02	5.164253e-02	7.695565e-02	5.204355e-02
7.27          	9.886676e-01	5.110682e-02	7.802242e-02	5.248425e-02
7.275         	9.675404e-01	5.575525e-01	5.347058e-01	4.849964e-01
7.28          	2.992915e-05	4.314884e-01	4.274299e-01	4.212596e-01
7.285         	1.000000e+00	5.700298e-01	5.555316e-01	5.617002e-01
